Player/Team
4
5
6
7
8
9
10
11
12
13
14
15
16
17
AVG
Playoffs
Vikings	9.7	6.2	-	5.6	3.1	4.7	6.9	2.7	5.3	5.3	5.1	4.6	5.1	5.0	5.3	4.9
Ravens	9.7	3.8	7.0	4.5	2.7	2.2	8.2	4.9	4.7	-	7.6	5.0	6.8	3.5	5.4	5.1
Packers	9.1	4.0	2.1	2.7	4.7	5.0	5.6	-	3.7	5.0	3.6	7.2	3.8	7.2	4.9	6.1
Seahawks	8.6	3.3	5.4	5.2	7.0	7.6	5.2	-	3.2	5.4	6.0	7.2	5.1	5.4	5.7	5.9
Steelers	8.5	6.2	7.7	6.6	7.5	-	4.3	5.4	4.5	6.3	4.3	5.4	5.4	5.9	6.0	5.6
Rams	7.7	5.0	6.5	5.0	6.9	5.9	5.7	-	6.6	3.7	3.4	3.9	3.5	7.4	5.5	4.9
Bears	7.5	7.0	4.9	5.7	4.5	8.2	-	6.9	4.6	4.3	7.7	4.4	6.2	4.7	5.9	5.1
Bills	7.2	5.0	5.4	-	6.1	8.3	6.0	8.3	4.5	6.0	6.6	4.9	5.0	7.1	6.2	5.7
Buccaneers	6.7	-	5.6	5.0	4.6	3.8	-	3.4	6.1	6.3	5.2	6.4	4.3	4.5	4.8	5.1
Browns	6.6	5.1	5.1	6.3	5.1	5.0	6.0	-	5.1	4.5	5.1	3.9	5.0	5.1	5.2	4.7
Cardinals	6.5	2.0	1.7	3.0	0.7	1.8	3.3	2.9	4.3	5.3	-	4.4	4.1	3.7	3.4	4.1
Chiefs	6.0	-	7.6	3.0	6.2	7.2	5.4	7.3	4.6	4.3	5.7	7.5	4.0	6.2	5.8	5.9
49ers	5.8	3.8	8.3	5.8	-	6.6	3.3	7.8	4.3	5.2	4.5	5.6	3.7	6.5	5.5	5.2
Saints	5.8	5.4	4.6	5.3	-	6.8	5.2	4.1	4.7	6.2	5.1	7.1	5.2	4.7	5.4	5.7
Colts	5.6	4.5	6.3	4.3	2.0	1.8	7.2	3.7	3.7	-	5.0	5.8	3.7	5.0	4.5	4.8
Giants	5.3	4.8	6.7	4.5	-	5.8	4.9	3.1	4.4	2.7	2.3	6.2	4.7	1.7	4.4	4.2
Dolphins	5.2	2.6	-	4.0	4.3	2.7	3.4	2.8	4.3	3.5	2.8	4.6	5.3	2.9	3.7	4.3
Falcons	5.2	5.1	4.5	1.6	7.7	4.1	3.7	-	5.9	4.5	6.4	5.4	6.4	5.3	5.1	5.7
Jets	4.6	7.5	4.8	8.8	5.9	3.8	4.0	6.7	8.1	-	5.5	5.3	6.4	7.0	6.0	6.2
Lions	4.3	4.9	-	5.2	5.7	7.5	4.6	7.3	2.5	4.2	6.1	5.0	4.6	3.4	5.0	4.3
Commanders	4.3	5.2	3.3	-	6.3	4.4	3.5	5.7	4.8	5.6	5.7	5.1	5.1	3.3	4.8	4.5
Bengals	4.2	7.8	-	5.4	7.0	5.7	6.2	7.0	6.5	6.3	4.0	5.6	4.7	4.7	5.8	5.0
Eagles	4.2	1.2	6.3	3.2	4.5	4.3	-	6.4	1.7	4.1	5.7	2.7	5.2	2.6	4.0	3.5
Texans	4.0	7.2	2.6	5.0	-	6.2	6.8	5.0	5.2	5.7	5.9	2.9	4.7	7.3	5.3	5.0
Titans	3.9	6.0	4.2	6.3	4.3	-	3.6	2.1	3.3	5.5	3.4	5.2	4.1	5.4	4.4	4.9
Chargers	3.7	4.0	3.2	-	3.5	5.6	6.1	5.0	5.2	6.7	4.2	2.3	6.5	3.7	4.6	4.2
Jaguars	3.5	7.6	7.3	-	7.0	5.4	7.3	5.3	7.6	4.5	7.6	6.5	3.4	6.2	6.1	5.4
Cowboys	3.5	7.0	5.6	7.3	5.5	4.5	1.7	6.4	5.6	4.1	-	3.7	2.3	4.4	4.7	3.5
Patriots	3.5	6.2	7.2	4.1	7.9	6.5	4.6	-	6.0	4.2	6.1	5.8	5.3	5.2	5.6	5.4
Raiders	3.4	5.2	2.8	4.0	5.3	2.9	2.9	4.9	6.9	-	6.1	5.4	5.9	5.6	4.7	5.6
Broncos	3.0	6.1	3.1	5.3	4.3	5.1	-	6.1	4.7	7.6	5.2	4.1	4.1	5.2	4.9	4.4
Panthers	2.6	-	5.5	8.1	5.4	5.4	5.1	5.2	8.9	5.2	6.1	4.4	5.2	3.3	5.4	4.3
Player/Team
4
5
6
7
8
9
10
11
12
13
14
15
16
17
AVG
Playoffs
Brandon Aubrey | DAL	10.3	9.7	8.2	9.2	12.0	9.4	8.8	8.0	7.9	7.0	-	7.6	8.5	7.8	9.0	7.9
Nick Folk | ATL	10.0	8.3	7.9	7.9	8.6	8.1	7.5	-	8.9	8.3	8.1	8.0	9.9	8.5	8.6	8.8
Spencer Shrader | IND	9.8	7.6	8.7	8.9	7.7	7.9	8.8	7.4	7.6	-	9.0	8.2	7.7	7.4	8.4	7.8
Dominic Zvada | NYG	9.7	8.5	9.3	8.4	-	8.8	7.7	8.5	8.8	8.0	6.4	8.5	8.4	8.7	8.5	8.6
Tyler Loop | BAL	9.7	8.5	7.0	7.7	6.9	7.3	9.1	8.9	8.3	-	9.4	7.7	8.1	6.5	8.2	7.4
Harrison Mevis | LAR	9.5	8.4	12.0	8.5	10.4	8.1	8.9	-	9.1	8.0	8.1	9.0	6.7	9.5	9.1	8.4
Eddy Pineiro | SF	9.4	8.0	7.8	9.6	-	6.9	8.3	8.8	6.9	8.0	8.8	8.1	7.5	7.8	8.2	7.8
Jason Myers | SEA	9.3	8.6	7.8	7.2	7.9	11.5	7.9	-	8.4	8.9	9.2	8.2	9.4	8.0	8.7	8.5
Jake Bates | DET	9.1	9.0	-	8.5	8.6	8.5	7.0	9.1	8.1	8.5	9.3	8.4	8.7	7.8	8.5	8.3
Cairo Santos | CHI	9.1	8.1	7.7	7.1	6.5	10.4	-	8.4	8.1	7.5	8.1	7.0	8.3	8.0	8.1	7.8
Will Reichard | MIN	9.0	8.8	-	9.2	7.8	7.1	11.4	6.2	9.1	8.1	6.3	7.3	9.3	7.9	8.3	8.2
Drew Stevens | WAS	8.9	7.9	6.2	-	9.1	7.4	6.9	7.7	10.7	8.5	9.3	8.0	8.6	7.5	8.2	8.0
Chris Boswell | PIT	8.9	8.5	8.5	9.1	7.7	-	7.6	7.8	6.8	9.0	6.7	6.9	7.7	8.3	8.1	7.6
Daniel Carlson | NO	8.8	9.0	7.8	6.5	-	7.4	7.8	7.2	6.8	8.5	7.8	8.1	7.8	7.7	7.8	7.9
Trey Smack | GB	8.5	5.9	5.3	7.0	5.5	7.0	7.2	-	7.2	8.5	5.9	7.4	6.3	8.1	7.0	7.2
Chad Ryland | ARI	8.5	7.7	8.0	7.7	7.2	6.0	8.2	7.9	8.0	7.9	-	8.1	8.9	8.8	8.0	8.6
Harrison Butker | KC	8.4	-	9.2	7.0	7.8	7.4	8.3	8.0	7.8	6.7	7.0	8.8	8.3	9.7	8.0	8.9
Matt Gay | LV	8.3	7.7	7.2	7.2	8.0	6.1	7.0	7.8	8.0	-	10.3	8.4	9.2	8.0	8.0	8.6
Ryan Fitzgerald | CAR	8.2	-	6.6	8.6	7.6	8.4	8.8	7.5	9.6	9.5	8.0	8.5	7.6	6.5	8.1	7.5
Wil Lutz | DEN	8.1	9.5	6.0	8.9	6.7	7.8	-	7.4	7.0	7.9	8.3	9.2	7.0	7.6	7.9	7.9
Ka'imi Fairbairn | HOU	8.0	8.0	7.5	8.4	-	8.9	8.6	8.5	9.2	7.7	7.8	7.3	6.0	6.6	8.0	6.6
Jake Elliott | PHI	7.9	7.4	8.8	5.2	7.5	7.3	-	7.9	7.6	9.1	8.5	6.2	7.5	6.6	7.6	6.8
Cameron Dicker | LAC	7.8	8.8	7.0	-	8.3	8.9	7.6	8.9	7.9	8.6	8.5	6.4	7.9	7.7	8.1	7.3
Evan McPherson | CIN	7.8	7.0	-	6.3	5.8	7.7	7.7	5.6	7.0	7.3	7.7	6.7	7.9	7.6	7.1	7.4
Chase McLaughlin | TB	7.7	5.5	7.3	6.6	6.7	6.1	-	6.1	7.2	9.6	7.1	9.2	8.0	7.2	7.3	8.1
Cam Little | JAC	7.6	8.0	8.7	-	8.4	6.8	5.2	7.6	8.1	7.6	7.9	9.2	7.8	7.9	7.8	8.3
Tyler Bass | BUF	7.6	7.2	7.4	-	6.9	8.1	6.9	7.4	7.3	7.2	7.4	7.5	7.2	7.0	7.4	7.3
Andre Szmyt | CLE	7.4	8.3	7.6	9.0	6.9	8.9	7.9	-	8.2	7.2	7.2	7.4	7.2	8.0	7.9	7.6
Riley Patterson | MIA	7.4	5.4	-	7.8	7.0	7.7	8.3	5.3	7.5	6.8	6.5	8.0	7.8	5.9	7.0	7.2
Jason Sanders | NYJ	7.1	7.3	7.2	7.4	7.4	7.1	7.2	6.8	7.2	-	7.3	7.8	7.9	7.8	7.4	7.8
Andres Borregales | NE	7.0	8.2	8.0	7.2	8.8	8.8	9.0	-	9.9	7.2	9.2	7.0	8.2	8.3	8.3	7.9
Joey Slye | TEN	6.8	8.0	8.2	7.8	5.8	-	7.3	6.3	6.9	8.1	7.4	8.3	8.6	7.9	7.5	8.3
Player/Team
4
5
6
7
8
9
10
11
12
13
14
15
16
17
AVG
Playoffs
Josh Allen | BUF	20.2	17.7	20.0	-	18.7	18.2	17.8	18.0	18.2	18.4	18.1	17.8	18.7	17.9	18.4	18.1
Tyler Shough | NO	19.9	15.0	14.5	14.4	-	16.4	17.3	14.7	15.3	16.2	15.5	14.8	17.1	15.9	15.9	15.9
Brock Purdy | SF	19.7	17.2	18.5	21.0	-	19.0	19.9	18.7	17.4	18.7	17.3	18.2	17.4	18.5	18.6	18.0
Lamar Jackson | BAL	19.1	18.3	16.4	17.2	16.2	16.4	16.4	17.7	17.0	-	17.3	16.0	16.8	16.6	17.0	16.5
Jared Goff | DET	19.0	18.7	-	16.8	17.1	16.8	16.2	17.2	15.5	16.7	17.1	15.9	16.1	15.3	16.8	15.8
Joe Burrow | CIN	18.7	17.6	-	14.8	17.2	17.5	16.2	16.0	16.5	16.0	15.5	17.5	16.4	16.1	16.6	16.7
Patrick Mahomes | KC	18.4	-	16.9	16.4	16.5	17.3	18.1	17.9	16.7	16.8	17.2	15.9	17.5	16.8	17.1	16.7
C.J. Stroud | HOU	18.1	14.4	12.2	16.4	-	15.1	14.6	14.9	15.7	14.9	15.6	14.1	15.3	13.7	15.0	14.4
Trevor Lawrence | JAC	18.0	19.2	18.2	-	16.8	17.6	16.7	18.0	17.4	16.9	16.6	17.8	18.2	17.7	17.6	17.9
Bryce Young | CAR	17.8	-	14.1	15.3	15.8	16.0	14.6	14.9	13.9	14.7	15.1	15.5	15.3	15.4	15.2	15.4
Daniel Jones | IND	17.6	13.5	15.4	14.1	12.0	15.4	15.8	14.4	15.5	-	14.5	14.6	15.3	15.0	14.9	15.0
Dak Prescott | DAL	17.3	19.9	18.7	16.6	20.0	17.9	18.1	18.6	18.9	15.9	-	16.9	17.3	18.6	18.1	17.6
Jalen Hurts | PHI	16.6	15.4	18.1	15.8	16.7	16.4	-	16.8	17.5	17.2	16.4	16.5	17.1	16.7	16.7	16.8
Marcus Mariota | WAS	16.3	15.5	14.2	-	16.5	16.2	15.7	15.4	17.1	15.7	15.8	16.7	16.2	15.6	15.9	16.2
Matthew Stafford | LAR	16.2	16.7	19.0	18.0	17.6	17.8	17.2	-	17.1	16.7	15.9	17.6	16.0	16.6	17.1	16.7
Bo Nix | DEN	16.2	16.0	15.2	17.9	14.6	16.4	-	16.0	15.7	16.1	15.5	15.3	15.7	16.0	15.9	15.7
Sam Darnold | SEA	15.9	17.0	18.0	18.3	16.6	18.5	18.4	-	16.4	17.1	18.6	17.8	17.1	18.0	17.5	17.6
Kyler Murray | MIN	15.8	16.5	-	16.1	16.4	13.7	15.6	14.7	16.5	17.3	15.3	17.1	17.1	15.3	16.0	16.5
Drake Maye | NE	15.6	17.4	16.6	15.2	15.7	16.7	18.9	-	16.8	15.4	16.7	14.9	15.6	16.8	16.3	15.8
Jacoby Brissett | ARI	15.5	16.4	13.9	15.4	15.6	13.3	14.6	14.2	16.4	16.6	-	15.4	15.6	15.6	15.3	15.5
Bagent / Keenum | CHI	15.1	16.1	16.6	16.8	15.0	17.8	-	17.3	19.3	16.8	18.1	16.4	16.8	18.7	17.0	17.3
Kirk Cousins | LV	14.9	15.2	15.7	16.2	15.3	14.9	15.8	15.1	16.2	-	16.2	16.9	17.1	17.4	15.9	17.1
Jordan Love | GB	14.9	12.3	15.7	15.2	15.1	14.0	12.8	-	14.0	14.3	14.2	15.5	13.8	13.4	14.2	14.2
Michael Penix | ATL	14.5	17.3	16.4	16.3	15.4	15.4	15.9	-	15.5	17.6	16.4	16.5	16.5	16.2	16.1	16.4
Jameis Winston | NYG	13.7	15.8	16.1	16.1	-	16.4	17.5	16.6	17.3	16.9	16.3	17.5	17.7	17.5	16.6	17.5
Geno Smith | NYJ	13.2	16.6	15.0	15.9	17.1	15.5	14.8	16.9	15.7	-	16.8	17.6	16.4	16.7	16.0	16.9
Aaron Rodgers | PIT	13.2	15.1	15.5	15.6	15.2	-	14.0	14.6	15.6	15.6	13.2	14.7	16.9	15.7	15.0	15.8
Deshaun Watson | CLE	13.1	15.6	14.9	16.8	15.1	16.1	16.0	-	16.5	16.6	17.3	16.6	15.7	16.3	15.9	16.2
Malik Willis | MIA	12.9	15.4	-	13.9	14.5	17.0	14.9	13.8	14.8	15.2	14.8	15.1	15.2	15.1	14.8	15.1
Justin Herbert | LAC	12.4	14.9	13.5	-	14.5	15.0	13.1	15.5	15.8	15.2	14.7	15.6	15.5	15.4	14.7	15.5
Jalon Daniels | TB	12.4	15.1	13.7	13.7	13.9	13.2	-	15.6	13.4	14.9	14.1	14.2	14.8	14.7	14.1	14.6
Cam Ward | TEN	10.7	12.6	13.3	14.0	13.9	-	12.7	15.7	12.2	15.3	15.9	13.7	15.3	14.8	13.9	14.6
Player/Team
Baseline
Next 4
4
5
6
7
8
9
10
11
12
13
14
15
16
17
AVG
Playoffs
Texans
19.7
-0.4
3.0	-4.0	-1.9	1.5	-	2.1	-1.6	2.1	3.0	-2.9	-1.0	0.2	-1.5	-6.3	-0.5	-2.5
Lions
25.0
2.8
1.4	5.1	-	2.0	3.8	-1.6	-0.8	1.0	2.1	4.9	-0.2	2.1	-1.1	-1.1	1.4	0.0
Saints
19.7
-1.7
1.3	0.4	-3.5	-4.8	-	1.0	4.3	-2.4	-2.6	1.2	0.2	-4.5	5.3	2.3	-0.1	1.0
Giants
18.5
1.9
1.2	0.8	3.2	2.5	-	0.8	4.5	1.1	3.3	3.3	1.5	3.1	4.2	5.4	2.7	4.2
Panthers
19.5
-0.4
1.1	-	-2.1	-0.2	-0.5	0.8	2.9	1.1	-6.0	1.2	1.5	0.8	-2.3	0.2	-0.1	-0.5
Bengals
25.7
-0.4
1.0	-1.9	-	-0.2	-2.3	5.0	-1.8	-3.2	1.3	-0.1	-1.6	2.0	1.0	1.3	0.0	1.4
Cardinals
15.2
4.5
0.8	8.7	4.0	4.6	5.3	1.0	5.1	0.1	6.5	5.3	-	2.9	4.5	4.5	4.1	4.0
Colts
20.3
-0.7
0.8	-4.0	-0.9	1.3	-3.1	3.9	1.0	0.5	1.9	-	-2.3	-5.0	1.9	-1.4	-0.4	-1.5
Raiders
16.3
3.1
0.5	-0.4	6.0	6.4	-0.1	0.8	4.9	1.6	0.7	-	5.8	5.6	2.3	7.6	3.2	5.2
Eagles
23.1
1.2
0.5	0.1	3.7	0.5	1.6	1.0	-	-0.1	5.1	6.9	1.1	1.8	1.9	0.7	1.9	1.5
Broncos
19.9
2.5
0.5	3.5	0.2	5.7	-1.1	2.0	-	0.6	-2.1	0.7	-2.0	1.1	1.6	-1.7	0.7	0.3
Vikings
20.4
2.2
0.0	3.1	-	3.7	6.3	0.4	-0.1	0.8	5.4	5.9	-1.2	8.0	5.8	-1.5	2.8	4.1
Dolphins
16.4
-0.7
-0.5	0.4	-	-1.9	-0.8	3.7	1.1	0.3	-1.2	1.0	0.1	-1.2	0.8	1.6	0.3	0.4
Chiefs
20.4
0.5
-0.6	-	1.9	0.2	0.4	-0.5	4.6	4.2	1.4	2.9	-0.2	-4.6	0.7	3.0	1.0	-0.3
Commanders
18.7
-1.8
-0.9	-0.7	-3.9	-	0.7	1.7	-1.0	-3.7	5.7	-4.5	-0.4	3.0	2.2	-2.4	-0.3	0.9
Seahawks
26.1
0.3
-1.0	1.0	0.6	0.5	-3.2	5.1	2.3	-	1.2	-0.5	1.4	0.6	3.0	2.7	1.1	2.1
Jets
16.2
-0.2
-1.3	0.9	-0.9	0.4	2.2	-0.2	3.8	5.0	0.0	-	2.7	6.9	1.1	3.1	1.8	3.7
49ers
18.9
0.0
-1.4	-0.9	-1.9	4.0	-	-0.4	2.5	2.3	0.1	-1.5	0.4	2.0	-2.8	-1.0	0.1	-0.6
Jaguars
23.7
-0.1
-1.4	-0.4	1.4	-	-0.6	-0.1	-4.2	-1.9	-2.9	-1.6	-5.0	1.0	2.4	1.5	-0.9	1.6
Titans
18.8
-0.1
-1.6	-0.4	1.0	0.5	0.4	-	-0.7	3.3	-1.3	0.6	4.7	-0.7	1.8	-1.6	0.5	-0.2
Patriots
20.8
-1.6
-1.7	-0.8	-1.5	-2.4	-2.1	-0.5	5.3	-	2.5	0.6	0.4	-6.4	-3.8	0.1	-0.8	-3.4
Steelers
19.0
-0.7
-1.8	0.3	-2.3	0.8	0.6	-	-1.2	-1.5	0.8	0.5	-4.8	1.4	3.8	-3.4	-0.5	0.6
Falcons
15.1
2.6
-1.9	4.7	2.9	4.8	-0.4	1.3	2.4	-	2.7	8.1	0.9	1.7	3.0	4.7	2.7	3.1
Cowboys
25.5
-0.8
-1.9	2.1	-0.2	-3.3	6.7	1.8	3.7	0.5	3.6	-2.9	-	3.7	1.7	3.3	1.5	2.9
Chargers
24.4
-0.2
-2.0	3.1	-1.6	-	1.6	2.0	-3.5	0.8	1.8	-2.1	0.7	2.6	-2.2	0.7	0.1	0.4
Packers
24.5
1.4
-2.0	-0.5	2.7	5.1	3.3	-1.2	0.9	-	1.9	2.1	1.0	0.3	-0.3	-4.0	0.7	-1.3
Bills
17.3
-0.6
-2.1	-1.0	1.1	-	0.7	-1.7	-2.1	-1.4	-1.0	-1.9	-1.2	-0.5	-0.5	-2.4	-1.1	-1.1
Ravens
20.0
-0.7
-3.2	3.5	-2.2	-0.9	-1.3	-2.8	-2.3	0.9	-0.1	-	-1.3	-3.3	0.0	-1.7	-1.1	-1.7
Browns
11.6
-2.0
-4.1	-1.6	0.7	-2.9	-2.4	1.7	-0.3	-	-0.1	1.1	3.3	-0.1	-0.2	-0.1	-0.4	-0.1
Rams
23.8
0.1
-4.1	-0.8	4.7	0.5	2.1	0.4	3.7	-	0.1	0.5	-1.1	2.8	-1.2	-2.8	0.4	-0.4
Buccaneers
22.3
-1.1
-4.6	1.9	-2.9	1.1	1.3	-1.2	-	3.2	-2.2	1.3	-0.7	-0.2	3.2	-0.1	0.0	1.0
Bears
21.7
-2.4
-5.0	-3.3	1.6	-3.2	-6.9	-2.0	-	0.2	4.0	-2.4	-3.2	-1.2	-1.4	2.7	-1.5	0.0
Player/Team
Baseline
Next 4
4
5
6
7
8
9
10
11
12
13
14
15
16
17
AVG
Playoffs
Vikings
19.1
3.9
5.2	3.0	-	3.6	0.9	2.1	4.4	0.2	-1.3	3.8	0.8	2.1	0.5	0.9	2.0	1.2
Texans
19.7
0.3
2.7	0.1	-2.5	0.9	-	0.9	-1.9	2.6	1.5	-0.6	-2.5	-1.8	-1.5	2.6	0.0	-0.2
Buccaneers
19.1
0.9
2.1	0.9	-0.5	1.2	-3.2	-1.6	-	-0.8	1.3	1.1	-0.4	1.4	-3.1	-2.1	-0.3	-1.3
Lions
24.2
2.1
2.1	-0.3	-	4.6	-1.8	4.2	0.5	0.2	-0.4	-2.3	1.4	-3.0	0.4	-1.6	0.3	-1.4
Cardinals
19.0
1.1
1.6	1.8	-1.1	2.1	2.5	-1.9	-0.3	-0.5	0.2	1.1	-	2.2	2.3	1.1	0.9	1.9
Falcons
24.8
1.5
1.3	2.2	0.6	1.9	0.3	-0.3	0.7	-	-2.2	1.9	-0.7	-1.2	1.4	3.3	0.7	1.2
Ravens
23.7
-1.2
1.2	-2.7	-2.3	-1.0	0.2	-2.6	0.9	1.4	-2.9	-	-0.1	-0.8	-0.9	-1.7	-0.9	-1.1
Bills
22.7
-0.2
1.1	-1.6	-0.2	-	1.2	-2.9	0.7	4.9	-0.3	0.6	4.0	-0.5	0.7	4.1	0.9	1.4
Commanders
20.0
0.1
0.9	0.5	-1.0	-	-0.3	-1.3	-0.6	-1.4	0.0	-0.3	-2.2	-2.3	-3.0	-2.9	-1.1	-2.7
Broncos
20.4
0.3
0.5	1.5	-1.3	0.4	-0.5	2.0	-	0.4	-0.1	5.6	0.6	-0.5	1.9	0.5	0.9	0.7
Seahawks
20.4
0.8
0.5	0.9	1.3	0.7	-0.2	1.3	0.5	-	0.8	2.4	1.6	-0.1	0.0	2.6	1.0	0.8
Patriots
20.1
0.1
0.4	-0.2	1.7	-1.6	4.2	4.3	0.7	-	1.1	1.4	-2.4	-1.7	-0.2	1.1	0.7	-0.3
Bears
22.8
0.1
0.3	3.0	-3.3	0.3	-3.6	-0.3	-	1.9	0.0	-2.0	3.8	0.6	4.0	0.3	0.4	1.6
49ers
24.0
-1.2
0.2	-1.7	-1.1	-2.2	-	0.3	1.8	-1.8	-1.4	-0.2	-1.3	1.1	-1.1	-0.6	-0.6	-0.2
Raiders
20.4
1.2
-0.1	1.1	3.3	0.7	1.5	0.2	0.1	1.3	-0.9	-	3.0	3.1	2.6	1.2	1.3	2.3
Packers
17.9
0.1
-0.2	-1.0	2.0	-0.2	2.3	0.3	-2.8	-	-2.0	1.1	1.1	5.1	-1.4	-2.9	0.1	0.3
Chiefs
23.0
0.0
-0.3	-	1.9	-1.5	1.3	1.9	-1.8	0.8	1.8	-0.9	-0.5	1.0	0.9	1.7	0.5	1.2
Browns
18.3
0.6
-0.5	1.5	0.9	0.6	-0.4	1.6	-2.1	-	0.0	-0.2	-2.0	0.2	0.0	2.2	0.1	0.8
Bengals
19.4
1.4
-0.5	4.3	-	0.4	1.2	-1.4	0.5	-2.1	2.5	-1.2	-0.5	2.1	2.0	1.4	0.7	1.8
Titans
19.1
-0.5
-0.7	-2.3	1.7	-1.0	-0.8	-	-1.6	1.7	-2.1	-1.6	-0.1	1.9	-0.2	0.2	-0.4	0.6
Jets
19.2
1.2
-0.9	-0.7	0.8	5.5	1.1	-0.2	2.9	2.3	5.1	-	2.3	1.0	2.3	-1.2	1.6	0.7
Giants
20.4
-0.2
-1.0	-1.7	3.6	-1.6	-	-0.3	0.4	-0.5	2.9	1.8	-1.2	0.4	1.2	2.8	0.5	1.5
Panthers
21.1
-0.9
-1.1	-	-1.9	0.1	3.8	1.1	1.8	0.9	-1.5	-3.3	2.1	-0.5	-0.6	-1.7	-0.1	-0.9
Eagles
18.3
0.7
-1.2	-1.5	3.1	2.5	-1.6	1.0	-	1.1	2.5	0.6	2.8	-1.0	-1.1	0.2	0.6	-0.6
Steelers
20.7
0.7
-1.4	2.6	-0.8	2.3	-0.7	-	-1.4	-1.5	1.3	-1.7	-2.5	1.2	3.1	0.4	0.1	1.6
Jaguars
22.6
-1.1
-1.6	-0.4	-1.3	-	2.5	0.9	0.4	-0.2	1.2	-1.1	0.3	-1.7	1.9	-0.6	0.0	-0.1
Colts
21.8
-1.3
-1.7	-1.3	1.1	-3.2	-3.1	2.3	5.1	-2.7	0.8	-	-1.9	-0.4	-0.4	-2.0	-0.6	-0.9
Saints
18.6
-2.1
-2.0	-3.4	-1.5	-1.6	-	-1.2	2.4	-2.3	-2.4	4.4	0.8	-2.1	0.2	-3.5	-0.9	-1.8
Rams
21.0
-0.2
-2.1	1.5	0.4	-0.6	1.4	-1.8	-0.4	-	4.2	-0.1	-0.4	2.0	-2.3	-0.8	0.1	-0.4
Chargers
20.5
-0.6
-2.3	1.5	-1.1	-	-2.0	-1.8	-0.4	1.3	1.5	-1.2	-0.8	0.6	4.0	-0.4	-0.1	1.4
Cowboys
20.8
0.0
-3.9	1.0	4.0	-1.2	1.0	2.2	1.3	1.9	0.5	-2.0	-	-0.8	-0.9	1.5	0.4	-0.1
Dolphins
19.0
-1.5
-4.0	-0.9	-	0.5	0.6	-0.1	1.4	0.6	0.8	0.5	-1.0	3.0	0.6	1.4	0.3	1.7
Player/Team
Baseline
Next 4
4
5
6
7
8
9
10
11
12
13
14
15
16
17
AVG
Playoffs
Texans
10.8
-0.1
3.1	-2.6	-1.8	0.7	-	0.0	-0.8	0.9	-0.4	-2.2	2.1	-0.9	-2.7	-0.8	-0.4	-1.5
Colts
10.0
-0.3
2.8	-2.6	-1.5	0.0	-2.2	3.1	2.7	-0.1	0.7	-	-3.0	-3.0	1.6	-0.8	-0.2	-0.7
Panthers
11.9
0.3
2.7	-	-2.9	1.0	0.1	-0.2	1.1	-1.2	-0.1	0.0	0.7	1.1	-2.2	-0.3	0.0	-0.5
Vikings
9.1
1.8
2.6	1.5	-	1.5	4.5	-0.1	0.4	-1.9	2.0	3.0	-1.9	5.2	4.5	-2.2	1.5	2.5
Saints
12.6
-0.7
1.5	-0.2	-1.2	-2.9	-	0.1	2.3	-2.0	0.0	0.9	0.8	-0.5	2.1	0.8	0.1	0.8
Lions
9.9
1.4
1.4	1.9	-	1.1	0.8	1.7	-2.0	1.5	-0.4	1.5	-1.4	0.2	0.5	-1.6	0.4	-0.3
Raiders
12.1
0.1
1.2	-1.7	0.8	-0.1	-1.8	-1.9	1.3	0.1	-0.1	-	1.3	1.6	-0.5	2.8	0.2	1.3
Chiefs
11.0
0.1
0.8	-	0.0	-0.3	-0.2	-1.7	1.7	1.8	-0.8	-1.3	1.0	-2.1	-1.8	0.4	-0.2	-1.1
Giants
9.8
1.3
0.6	2.7	1.4	0.6	-	-1.9	3.9	-0.7	1.2	-1.0	0.0	0.7	4.7	3.6	1.2	3.0
Packers
7.4
1.5
0.5	-1.2	2.6	4.0	1.8	-2.1	-0.2	-	-1.7	0.7	-1.0	2.3	-1.3	-0.8	0.3	0.1
Jaguars
9.2
-0.4
0.5	-2.2	0.4	-	0.1	-1.5	-2.7	-0.5	-2.2	-1.5	-1.9	0.2	2.7	3.1	-0.4	2.0
Falcons
9.6
0.0
0.4	0.1	0.1	-0.4	1.0	1.3	1.8	-	0.6	5.1	-0.1	3.0	2.2	1.8	1.3	2.3
Cardinals
12.1
1.4
0.4	5.2	-1.1	1.1	3.5	-0.2	-0.6	0.7	4.5	-0.4	-	-0.7	1.5	2.1	1.2	1.0
Commanders
8.7
-1.0
-0.2	-0.1	-2.7	-	-1.9	-1.8	-0.5	0.5	2.1	-2.9	-0.4	1.0	0.2	-2.0	-0.7	-0.3
Dolphins
6.9
-0.6
-0.5	1.0	-	-2.4	-1.9	3.5	0.3	-1.2	-2.1	-0.3	-1.1	-0.2	-0.6	-0.8	-0.5	-0.5
Bengals
10.4
-0.2
-0.6	1.7	-	-1.6	-2.1	1.9	-1.7	2.3	0.7	-0.4	0.4	1.5	0.5	-1.1	0.1	0.3
49ers
12.6
0.7
-0.7	-0.6	2.7	1.4	-	0.6	2.7	0.6	-0.3	-0.5	-2.1	0.0	0.0	-2.4	0.1	-0.8
Chargers
8.0
0.0
-0.8	0.7	0.3	-	-1.8	0.4	-2.0	-1.4	-0.9	0.3	0.8	-1.2	1.6	1.2	-0.2	0.5
Steelers
10.3
0.1
-0.9	0.3	0.4	0.6	-0.1	-	0.5	-2.7	-0.1	-0.1	-1.9	-1.1	2.2	-2.5	-0.4	-0.5
Seahawks
9.1
-0.4
-0.9	-1.7	-0.2	1.1	-1.1	2.1	1.5	-	-1.7	2.5	0.6	-1.9	-1.2	1.8	0.1	-0.5
Cowboys
10.5
-0.3
-0.9	1.9	0.2	-2.5	2.6	0.6	-0.8	-1.1	-1.0	-0.6	-	-1.1	-0.5	1.1	-0.2	-0.1
Buccaneers
6.9
0.0
-1.2	2.4	-2.1	1.1	0.5	-1.5	-	3.5	1.0	-0.3	-1.9	0.2	1.1	-2.3	0.0	-0.4
Jets
11.1
-0.2
-1.3	0.0	-1.9	2.5	1.4	0.8	0.0	1.0	2.3	-	0.6	2.6	-1.1	0.7	0.6	0.8
Broncos
9.1
0.2
-1.7	0.4	-0.2	2.3	0.5	1.5	-	0.9	-1.9	2.5	-2.3	1.0	-0.7	-2.1	0.0	-0.6
Patriots
7.4
-1.3
-1.8	0.5	-2.0	-1.8	1.6	0.3	4.3	-	0.1	-1.0	-0.2	-0.4	-2.9	-0.3	-0.3	-1.2
Eagles
7.5
0.4
-2.1	-1.1	2.2	2.8	2.8	0.4	-	-1.2	3.4	2.5	0.5	0.2	0.3	-1.9	0.7	-0.5
Titans
7.2
-0.6
-2.2	-0.4	0.5	-0.1	1.0	-	-1.3	2.9	-1.5	2.7	4.0	-0.1	1.3	-1.7	0.4	-0.2
Bills
12.9
-0.9
-2.2	-1.7	1.1	-	-1.2	0.0	-2.4	1.9	0.6	-2.2	0.0	-1.2	-0.5	1.5	-0.5	-0.1
Ravens
10.9
-0.4
-2.3	1.2	-1.1	0.7	-1.7	-2.0	-0.6	1.1	-0.3	-	0.7	-2.4	-0.3	0.3	-0.5	-0.8
Browns
11.6
-2.0
-2.6	-2.0	-1.2	-2.3	-2.0	0.8	-0.3	-	0.7	1.4	1.2	0.0	-1.7	0.1	-0.6	-0.5
Bears
11.0
-1.4
-3.0	-0.6	0.7	-2.5	-1.7	0.5	-	0.3	3.8	-1.8	1.3	-1.6	0.0	3.4	-0.1	0.6
Rams
12.8
-0.3
-3.4	-0.5	2.0	0.8	0.1	2.5	1.6	-	0.6	1.1	-2.5	2.8	-0.8	0.2	0.4	0.7
