Player/Team
1
2
3
4
5
6
7
8
9
10
11
12
13
14
15
16
17
AVG
Playoffs
Jaguars    10.0    2.7    3.7    3.0    5.3    6.0    -    6.0    3.8    7.6    4.1    7.8    4.1    7.2    4.8    3.3    5.5    5.3    4.6
Chargers    8.4    8.6    2.8    3.5    4.2    3.4    -    2.3    5.6    5.6    7.0    4.4    4.5    7.3    3.9    6.8    4.2    5.2    5.0
Titans    7.9    5.0    3.7    4.1    5.2    4.1    7.7    3.6    -    5.0    3.5    4.4    5.5    3.8    5.3    6.5    5.7    5.1    5.8
Raiders    7.8    3.0    4.0    3.2    2.6    3.2    2.5    6.0    3.8    3.7    3.5    6.3    -    4.7    4.1    6.5    6.2    4.5    5.6
Eagles    7.5    7.5    4.9    2.2    3.7    6.5    5.8    4.8    5.3    -    6.7    3.4    6.8    5.4    4.0    4.6    3.8    5.2    4.1
Steelers    7.4    2.4    3.8    6.8    5.6    4.5    4.9    7.9    -    3.8    4.8    3.5    5.3    5.8    4.9    6.1    6.7    5.3    5.9
Jets    7.0    5.2    3.3    3.7    8.0    3.1    8.0    8.2    4.0    4.4    4.3    7.2    -    4.4    6.8    4.0    6.2    5.5    5.7
Chiefs    6.5    6.3    8.2    8.2    -    5.8    4.1    4.2    7.5    5.4    8.0    4.1    2.2    4.1    5.8    4.7    4.6    5.6    5.0
Bears    6.3    7.0    7.0    7.8    4.6    4.8    3.0    5.0    5.0    -    6.0    4.1    5.5    7.1    4.0    5.0    4.7    5.4    4.6
Dolphins    6.0    2.6    2.9    3.9    2.8    -    6.0    3.2    3.9    3.8    3.4    6.2    3.3    4.1    4.3    4.0    3.8    4.0    4.0
Packers    6.0    7.4    5.0    3.9    4.9    4.2    3.7    5.7    3.4    6.2    -    2.6    4.6    4.2    7.0    4.2    6.6    5.0    5.9
Bills    6.0    4.8    5.7    4.5    3.1    8.0    -    5.5    7.2    7.4    8.1    4.8    3.6    5.5    5.4    3.4    6.9    5.6    5.3
Ravens    5.9    6.5    3.7    8.1    5.0    7.5    3.9    3.5    4.7    6.8    6.8    4.6    -    5.5    6.2    7.3    3.5    5.6    5.7
Seahawks    5.8    8.1    5.4    5.9    4.7    3.0    4.9    6.7    8.5    7.9    -    4.2    6.1    5.5    5.3    3.1    6.1    5.7    4.8
Rams    5.7    6.6    4.0    6.1    5.7    8.2    8.0    5.8    5.9    7.8    -    6.1    4.4    5.0    5.2    4.8    5.4    5.9    5.1
Bengals    5.7    4.0    7.2    5.9    8.2    -    5.5    8.1    6.6    7.3    7.2    6.7    7.6    5.2    6.5    4.8    4.7    6.3    5.3
Lions    5.7    2.4    7.1    6.0    7.3    -    4.8    6.1    7.5    3.3    4.6    4.8    4.9    7.0    5.6    5.3    4.6    5.4    5.2
Broncos    5.7    5.9    3.3    3.5    4.1    4.6    7.3    5.0    6.7    -    8.7    6.1    7.9    6.9    7.2    4.4    3.8    5.7    5.1
Cowboys    5.7    6.5    5.2    4.8    5.0    5.7    6.7    8.1    5.4    5.1    8.1    6.3    6.0    -    3.6    5.2    5.5    5.8    4.7
Falcons    5.4    6.3    3.8    5.2    3.7    4.2    3.2    4.8    3.4    3.6    -    5.3    4.6    6.9    4.9    4.2    4.8    4.6    4.6
Texans    5.2    4.3    4.2    4.8    8.1    4.1    4.9    -    4.4    7.9    5.1    5.5    6.5    5.5    5.0    3.8    6.1    5.3    4.9
Panthers    4.9    4.4    7.9    4.8    -    5.0    5.3    4.1    4.0    4.5    4.7    6.1    4.9    5.5    4.2    5.4    4.5    5.0    4.7
Commanders    4.7    3.1    4.6    5.5    5.3    5.1    -    5.8    3.3    4.0    5.5    7.6    7.2    6.0    5.9    5.1    4.6    5.2    5.2
Browns    4.5    4.1    6.1    4.8    6.1    5.0    6.7    5.5    4.2    5.3    -    8.0    4.1    5.5    4.5    4.4    5.0    5.2    4.6
Vikings    4.4    3.5    3.8    7.2    3.2    -    4.4    3.4    4.6    4.7    3.2    5.5    5.8    2.8    4.1    4.3    5.8    4.4    4.7
Giants    3.9    2.9    8.5    8.5    5.2    6.1    4.6    -    4.9    5.1    5.9    4.5    5.0    4.1    7.2    5.1    3.8    5.3    5.3
49ers    3.9    9.5    9.1    5.2    4.0    7.6    5.8    -    9.0    4.2    7.3    5.8    4.7    3.9    4.2    3.9    5.8    5.9    4.6
Colts    3.8    3.0    5.7    4.4    6.0    7.5    5.5    4.3    4.1    7.4    4.3    5.1    -    5.3    7.2    3.6    6.7    5.2    5.8
Patriots    3.8    7.2    4.4    3.0    8.6    7.3    4.4    7.8    5.6    5.3    -    4.3    4.7    5.5    5.3    6.6    4.5    5.5    5.5
Saints    3.2    4.3    8.5    6.9    6.5    4.6    7.0    -    7.6    6.5    4.8    4.1    5.4    6.1    5.1    6.9    4.8    5.8    5.6
Buccaneers    3.1    9.3    7.4    6.0    2.8    7.2    6.7    6.4    5.4    -    4.9    8.0    6.0    4.7    6.2    5.3    3.6    5.8    5.0
Cardinals    2.9    2.7    3.0    3.5    3.6    1.5    3.1    3.4    3.5    2.5    3.6    4.2    4.6    -    6.0    4.3    6.8    3.7    5.7
Player/Team
1
2
3
4
5
6
7
8
9
10
11
12
13
14
15
16
17
AVG
Playoffs
Cameron Dicker | LAC    10.0    9.8    7.7    7.7    8.4    7.5    -    8.1    8.2    7.4    9.2    8.4    8.0    8.6    8.3    8.0    8.4    8.4    8.3
Cam Little | JAC    9.6    7.3    7.0    7.8    7.7    8.2    -    7.8    6.6    7.4    7.4    8.2    7.5    7.9    7.6    8.6    7.9    7.8    8.1
Jake Bates | DET    9.4    6.1    9.5    7.9    9.2    -    8.2    8.5    8.0    7.1    8.0    8.3    8.3    8.7    8.5    8.2    7.4    8.2    8.0
Chris Boswell | PIT    9.2    6.4    7.6    8.0    7.8    7.7    7.8    8.0    -    7.5    7.6    6.8    7.5    7.5    7.2    7.4    7.3    7.6    7.3
Cairo Santos | CHI    9.1    8.1    7.7    8.2    7.4    7.7    6.5    7.8    7.4    -    7.7    8.0    7.6    7.7    7.3    7.7    7.9    7.7    7.7
Evan McPherson | CIN    9.1    8.8    8.2    8.0    8.3    -    7.3    7.9    8.5    7.9    7.6    7.4    7.9    7.8    7.8    8.2    7.6    8.0    7.8
Will Reichard | MIN    8.8    7.3    7.3    9.0    8.2    -    7.8    7.8    7.8    7.5    7.5    8.4    8.3    5.9    8.5    8.4    7.6    7.9    8.2
Tyler Loop | BAL    8.7    8.2    8.2    8.4    8.4    8.1    7.6    7.3    7.3    7.7    7.7    8.3    -    8.2    8.1    8.5    7.2    8.0    7.9
Matt Gay | LV    8.7    7.2    7.8    7.3    6.3    7.3    7.5    7.6    7.3    7.6    6.9    7.7    -    7.2    7.0    7.7    7.9    7.4    7.5
Ka'imi Fairbairn | HOU    8.7    8.7    8.7    8.5    8.2    7.3    8.3    -    7.8    8.0    8.1    8.2    7.8    7.7    8.4    7.4    7.7    8.1    7.8
Trey Smack | GB    8.7    8.3    7.7    7.9    7.8    7.3    7.6    7.5    7.6    7.9    -    7.8    8.3    7.5    8.0    7.7    7.5    7.8    7.7
Brandon Aubrey | DAL    8.7    9.1    7.8    8.7    8.5    7.6    7.5    9.2    8.1    8.0    8.6    8.6    7.8    -    8.5    8.5    8.6    8.4    8.5
Tyler Bass | BUF    8.7    7.5    7.6    7.5    7.6    9.2    -    7.6    8.3    8.7    7.9    7.8    7.4    7.8    7.9    7.3    8.0    7.9    7.7
Spencer Shrader | IND    8.7    7.4    8.6    7.9    7.7    8.6    7.9    7.6    7.5    8.4    7.7    8.4    -    7.6    7.4    8.3    7.6    8.0    7.8
Chase McLaughlin | TB    8.6    8.7    8.4    7.9    7.7    7.5    7.8    7.8    7.2    -    7.6    8.0    7.5    7.6    8.0    8.4    7.6    7.9    8.0
Harrison Mevis | LAR    8.6    8.6    8.1    7.9    8.2    9.4    8.3    8.2    7.8    8.3    -    8.2    8.3    7.7    8.0    7.9    7.9    8.2    7.9
Jason Myers | SEA    8.5    9.9    8.0    7.9    7.8    6.9    7.7    7.5    8.6    8.7    -    7.6    7.8    7.2    7.7    7.8    7.7    8.0    7.7
Jake Elliott | PHI    8.4    8.3    7.2    7.4    7.9    7.9    7.4    7.4    7.5    -    7.9    8.4    8.5    7.9    7.6    7.7    7.9    7.8    7.8
Daniel Carlson | NO    8.4    7.1    9.3    8.7    9.0    7.6    7.7    -    8.6    8.3    7.5    7.3    8.4    7.5    7.4    8.4    8.2    8.1    8.0
Andres Borregales | NE    8.4    8.8    8.1    7.4    8.7    8.2    7.0    7.6    7.8    8.0    -    8.5    7.6    7.9    8.3    7.8    7.7    8.0    7.9
Joey Slye | TEN    8.4    7.4    7.1    6.9    7.5    8.2    7.7    7.3    -    7.7    7.9    7.3    7.3    7.5    7.3    7.9    7.3    7.5    7.5
Eddy Pineiro | SF    8.4    8.6    8.6    7.8    7.8    7.8    8.5    -    7.9    7.8    8.6    8.0    7.6    7.3    8.1    8.2    7.9    8.1    8.1
Riley Patterson | MIA    8.3    6.7    6.9    8.1    6.9    -    7.6    6.5    6.8    8.0    6.8    7.4    7.0    7.4    7.2    7.4    7.2    7.3    7.3
Blake Grupe | NYJ    8.3    7.4    7.1    7.1    7.8    6.5    7.6    7.7    7.4    7.2    8.0    7.4    -    7.3    7.9    7.0    7.3    7.4    7.4
Dominic Zvada | NYG    8.2    7.5    8.8    8.6    7.7    7.8    7.8    -    7.4    7.3    7.5    8.2    7.9    7.6    8.2    7.7    7.7    7.9    7.9
Harrison Butker | KC    8.2    8.9    8.5    9.1    -    7.8    7.7    7.0    7.7    8.0    7.9    7.3    7.5    7.4    7.7    8.5    8.1    7.9    8.1
Ryan Fitzgerald | CAR    8.1    8.2    8.2    6.7    -    7.1    7.3    6.6    7.0    7.8    6.9    7.2    8.3    7.4    7.0    7.4    7.5    7.4    7.3
Wil Lutz | DEN    7.8    7.9    7.7    8.1    8.5    7.4    8.2    7.6    7.7    -    7.9    7.9    8.1    8.1    8.5    7.7    7.4    7.9    7.9
Nick Folk | ATL    7.6    8.6    6.4    8.3    7.6    7.7    7.9    7.3    7.0    7.7    -    7.9    7.7    7.2    7.1    7.9    8.0    7.6    7.7
Chad Ryland | ARI    7.5    7.6    6.7    6.7    7.1    7.6    7.8    7.9    7.3    7.8    7.3    7.9    8.1    -    8.0    7.8    7.7    7.5    7.8
Drew Stevens | WAS    7.3    7.6    7.8    8.4    7.5    7.3    -    7.5    7.1    6.6    7.4    8.8    7.5    7.5    7.9    8.3    7.1    7.6    7.8
Andre Szmyt | CLE    7.0    6.7    7.2    7.3    7.9    7.1    7.3    7.3    7.9    7.3    -    7.1    7.1    7.2    7.1    6.9    7.3    7.2    7.1
Player/Team
1
2
3
4
5
6
7
8
9
10
11
12
13
14
15
16
17
AVG
Playoffs
Lamar Jackson | BAL    22.2    20.8    20.3    19.0    20.6    17.3    18.3    18.6    19.8    18.3    18.2    18.0    -    18.7    17.2    17.7    18.1    19.0    17.7
Justin Herbert | LAC    20.1    18.9    18.0    16.6    19.5    17.4    -    18.0    18.5    16.6    18.3    19.0    17.1    17.0    18.4    17.7    18.3    18.1    18.1
Jalen Hurts | PHI    19.8    18.2    16.8    18.5    18.7    18.1    16.9    17.7    18.3    -    17.8    17.3    17.6    18.2    17.9    19.0    18.1    18.1    18.4
Josh Allen | BUF    19.7    21.5    21.1    20.5    18.5    19.1    -    20.0    18.4    17.6    17.8    19.5    18.3    18.6    19.0    19.5    17.5    19.2    18.6
Jared Goff | DET    19.5    15.6    17.4    15.7    16.1    -    16.9    17.1    15.9    15.9    15.8    17.0    16.1    16.0    16.1    16.0    15.8    16.4    15.9
Joe Burrow | CIN    19.5    17.5    16.6    19.0    17.5    -    17.5    17.1    18.0    16.6    16.3    17.7    16.1    17.6    16.9    17.5    17.4    17.4    17.3
Kyler Murray | MIN    18.8    15.6    15.2    17.4    16.9    -    16.7    16.5    15.6    15.7    15.8    17.1    16.7    16.6    16.6    17.7    16.0    16.6    16.8
Dak Prescott | DAL    18.3    18.6    18.5    16.7    18.3    17.5    15.1    17.4    17.2    17.7    17.4    18.0    15.3    -    16.8    18.1    17.7    17.4    17.5
Jaxson Dart | NYG    18.2    17.2    18.3    18.5    17.1    18.8    17.8    -    17.0    17.4    18.7    17.6    18.0    16.7    17.3    17.6    17.1    17.7    17.3
Caleb Williams | CHI    18.2    18.3    17.7    18.6    16.8    18.0    18.5    15.1    16.9    -    18.6    17.1    18.0    16.9    16.7    17.5    18.1    17.6    17.5
Drake Maye | NE    18.1    19.8    18.6    17.6    18.8    18.3    18.4    17.1    18.9    19.7    -    17.7    17.6    18.5    16.9    17.5    18.8    18.3    17.7
Matthew Stafford | LAR    18.0    18.5    18.4    18.5    18.1    17.7    17.7    18.5    17.6    16.7    -    18.1    18.5    17.0    17.6    16.4    16.9    17.8    16.9
Trevor Lawrence | JAC    17.4    17.9    19.6    17.7    19.3    18.4    -    17.6    17.8    16.6    17.0    16.9    17.4    16.4    16.9    18.0    17.7    17.7    17.6
Sam Darnold | SEA    17.4    15.6    14.5    16.1    14.9    15.4    15.4    15.3    15.2    15.8    -    14.0    13.9    16.0    15.6    15.5    15.6    15.4    15.5
Brock Purdy | SF    17.3    18.3    17.5    19.4    16.7    16.5    18.6    -    17.1    16.9    17.6    16.4    16.7    16.7    16.9    17.3    17.4    17.3    17.2
Baker Mayfield | TB    17.2    17.7    18.3    18.5    17.1    17.3    16.0    17.0    17.5    -    17.5    15.1    17.5    16.9    16.7    17.2    16.9    17.2    16.9
Daniel Jones | IND    17.0    15.9    16.3    16.2    15.1    15.7    16.9    14.9    16.2    16.7    15.2    16.9    -    15.9    14.9    17.0    15.8    16.0    15.9
Tyler Shough | NO    16.9    16.2    17.3    16.8    18.8    16.4    16.6    -    17.1    16.8    16.3    15.6    17.4    15.9    15.5    16.9    16.7    16.7    16.4
Jayden Daniels | WAS    16.9    17.6    18.0    20.0    18.5    16.4    -    18.1    18.3    17.1    16.6    17.9    16.7    17.8    18.3    19.1    17.7    17.8    18.4
Patrick Mahomes | KC    16.7    19.1    17.7    16.9    -    17.5    17.1    16.4    17.3    17.7    16.9    16.6    17.1    16.7    16.4    18.1    17.0    17.2    17.2
Jordan Love | GB    16.0    16.4    17.6    16.1    17.2    16.7    16.8    16.6    16.6    16.3    -    16.4    16.7    16.4    16.5    16.5    15.3    16.5    16.1
C.J. Stroud | HOU    15.8    19.4    16.7    17.7    15.8    15.4    17.6    -    16.3    16.0    16.9    17.6    16.5    15.8    17.0    16.9    15.2    16.7    16.4
Bo Nix | DEN    15.2    20.1    19.1    17.7    17.3    17.8    17.7    18.1    17.4    -    16.6    17.1    17.1    17.1    16.5    18.3    17.5    17.5    17.4
Malik Willis | MIA    14.5    13.6    15.1    15.5    15.0    -    13.1    15.1    15.7    15.5    14.3    14.0    15.5    15.8    15.6    15.9    15.7    15.0    15.8
Bryce Young | CAR    14.4    15.1    14.7    16.0    -    14.9    14.5    15.2    15.6    15.3    15.2    13.0    15.4    15.3    15.8    15.5    15.5    15.1    15.6
Aaron Rodgers | PIT    14.4    14.0    13.6    14.2    14.5    13.8    14.1    14.3    -    13.4    14.2    14.7    14.6    13.6    14.8    15.5    14.9    14.3    15.1
Kirk Cousins | LV    13.2    12.6    13.2    13.9    13.5    14.4    15.2    13.7    13.3    14.0    13.6    13.4    -    14.6    15.2    15.0    14.8    14.0    15.0
Jacoby Brissett | ARI    13.2    12.3    12.0    12.6    14.3    13.6    14.7    13.7    12.2    14.0    13.6    14.0    15.1    -    14.4    15.0    14.4    13.7    14.6
Geno Smith | NYJ    12.7    15.4    16.3    15.2    15.8    15.4    14.9    15.9    15.8    15.1    15.8    14.9    -    16.3    15.8    16.1    16.8    15.5    16.2
Tua Tagovailoa | ATL    12.4    15.6    15.0    13.6    16.4    16.7    15.8    14.2    15.1    16.0    -    15.2    16.4    15.3    15.0    15.6    16.3    15.3    15.6
Cam Ward | TEN    12.1    14.3    13.1    13.5    12.8    13.5    14.3    13.9    -    13.6    14.3    13.1    14.3    15.1    13.9    14.8    14.6    13.8    14.4
Deshaun Watson | CLE    10.5    12.0    13.3    13.2    13.5    14.0    13.3    12.9    14.4    13.7    -    14.5    14.7    15.0    14.7    14.4    14.7    13.7    14.6
Matchup Bonuses can help you predict if a fantasy player will score more or less than usual. We first model the team "Baseline", which represents the fantasy points expected from all team players at the given position. The rest of the table indicates the weekly deviations from this baseline-- i.e. the "matchup bonus". The AVG column therefore represents the rest-of-season strength of schedule.

Player/Team
Baseline
Next 4
1
2
3
4
5
6
7
8
9
10
11
12
13
14
15
16
17
AVG
Playoffs
Chargers
22.0
1.6
3.6    2.2    0.3    0.4    5.0    0.5    -    2.6    2.7    -3.4    2.7    5.0    -0.5    0.3    3.4    -0.3    4.6    1.8    2.5
Lions
25.1
0.3
3.6    -1.2    1.3    -2.4    0.1    -    2.9    3.1    -1.5    0.1    0.9    3.6    1.9    0.9    1.2    -1.9    -0.4    0.8    -0.3
Vikings
19.8
1.1
3.1    0.4    -1.3    2.3    2.0    -    2.0    2.9    -1.3    -0.2    -0.2    2.5    1.8    0.6    4.0    2.2    -1.5    1.2    1.6
Saints
20.2
1.0
2.7    -0.1    1.6    -0.1    4.6    0.3    -0.3    -    2.9    3.4    1.0    -0.2    4.2    -0.8    -0.8    3.4    2.8    1.5    1.8
Ravens
19.1
1.7
2.6    1.9    2.7    -0.5    3.1    -1.4    0.8    -0.1    2.2    -2.3    -0.9    1.3    -    0.1    -0.3    1.1    0.0    0.6    0.2
Bengals
24.0
1.7
2.4    2.4    -0.5    2.6    -0.1    -    0.8    0.0    3.4    0.7    -4.5    2.0    0.1    1.8    -0.1    2.1    2.1    1.0    1.4
Buccaneers
21.9
1.7
1.8    1.1    1.9    2.1    2.0    1.6    -0.7    2.0    1.1    -    3.7    -3.5    2.0    0.3    2.1    3.1    1.7    1.4    2.3
Raiders
16.9
1.2
1.4    1.0    0.5    1.8    0.1    1.6    2.7    -1.7    -1.4    1.7    0.4    -2.4    -    1.2    2.8    0.2    0.0    0.6    1.0
Panthers
20.5
0.0
1.2    1.2    -2.7    0.4    -    -1.5    -1.2    -0.7    0.2    1.5    -0.3    -4.8    0.5    -0.4    0.1    -1.4    0.1    -0.5    -0.4
Colts
21.9
0.6
1.2    -0.1    1.9    -0.6    -2.3    1.0    1.2    -1.0    1.8    2.5    1.0    3.0    -    -1.3    -3.3    2.4    -1.9    0.3    -0.9
Steelers
18.6
-0.4
0.8    0.1    -0.7    -1.8    -1.2    -1.1    -1.0    -1.3    -    -1.3    -1.3    0.4    -0.4    -3.7    -0.1    -0.6    -2.7    -1.0    -1.1
Texans
21.8
2.7
0.8    4.6    2.2    3.2    -1.6    1.5    3.7    -    1.9    -1.1    3.3    4.1    -0.5    -1.5    4.6    0.3    -4.3    1.3    0.2
Eagles
20.6
-1.4
0.7    -2.5    -4.3    0.6    0.9    -0.9    -3.9    -1.5    0.2    -    0.3    1.2    1.3    -0.5    1.6    0.3    -1.1    -0.5    0.3
Seahawks
25.2
-1.1
0.7    -0.3    -3.5    -1.2    -1.1    -0.9    0.0    -3.8    -1.0    -1.5    -    -3.1    -5.8    -0.3    -1.5    -0.2    -2.9    -1.7    -1.5
Cardinals
18.0
-0.7
0.6    0.7    -1.8    -2.1    1.1    1.1    1.3    0.1    -1.7    1.0    -0.9    -0.3    1.2    -    -0.8    0.6    -1.4    -0.1    -0.5
Packers
22.4
-0.9
0.5    -2.7    0.5    -1.8    0.9    -0.5    2.4    -0.7    -0.2    0.4    -    0.8    1.2    -0.1    0.2    -0.2    -5.1    -0.3    -1.7
Giants
20.0
-0.1
0.4    -1.2    -0.7    1.2    -1.2    1.8    1.7    -    -0.4    -0.1    2.3    1.7    0.5    0.6    0.5    -0.5    0.9    0.5    0.3
Bears
21.7
-0.4
0.4    1.3    -3.1    -0.1    -0.2    2.1    1.7    -4.2    -0.7    -    1.1    3.3    1.6    -1.0    -1.3    1.1    2.1    0.3    0.6
Titans
18.0
-0.4
0.2    0.0    -0.7    -0.9    -0.8    1.0    -1.5    -0.3    -    -0.2    1.2    -0.6    -1.5    2.3    -1.2    -0.4    -1.2    -0.3    -0.9
49ers
21.2
0.7
0.0    0.4    0.1    2.3    0.3    -4.1    2.3    -    -0.9    1.2    2.7    0.7    -0.9    0.8    1.9    -0.7    0.4    0.4    0.5
Cowboys
26.4
0.3
0.0    1.1    0.2    -0.3    1.1    -1.2    -5.9    1.1    0.2    1.6    0.5    2.6    -5.0    -    1.0    2.7    2.1    0.1    1.9
Bills
20.6
1.6
-0.2    2.8    1.2    2.7    -1.0    0.4    -    1.5    -1.3    -1.2    0.5    2.1    1.5    0.5    1.9    1.0    -0.6    0.7    0.8
Rams
26.3
-0.2
-0.3    -1.0    0.7    -0.2    -0.7    1.7    0.0    2.4    -1.0    0.5    -    2.2    3.6    -0.4    1.9    0.7    -1.4    0.5    0.4
Commanders
19.8
0.7
-1.1    0.8    1.0    2.1    0.3    -4.2    -    1.3    1.6    -0.5    -3.6    1.6    -2.9    -0.5    1.4    2.4    -0.4    0.0    1.1
Patriots
23.6
-0.2
-1.2    0.6    0.5    -0.9    -1.1    -0.4    0.7    -1.0    0.6    3.0    -    1.8    1.0    1.3    -3.9    -1.9    1.8    0.1    -1.3
Jaguars
22.9
0.3
-1.4    0.8    2.1    -0.4    0.6    2.0    -    0.2    0.1    -2.9    -1.2    -1.0    0.4    -3.6    1.6    0.7    -0.4    -0.1    0.6
Jets
17.4
0.3
-1.7    -0.2    2.7    0.2    -0.8    0.9    -0.7    -0.8    0.7    0.4    2.1    -1.8    -    0.9    0.9    0.9    0.8    0.3    0.8
Browns
16.1
-1.1
-1.8    -1.2    -1.2    -0.1    -1.4    0.0    -2.0    -1.5    1.4    -0.4    -    -2.0    0.8    0.5    -0.1    -0.3    -0.6    -0.6    -0.3
Dolphins
17.8
-0.8
-1.8    -1.7    -0.2    0.7    -0.8    -    -2.9    -0.1    0.5    0.6    -1.3    -2.3    0.1    -0.3    -0.8    -1.0    -0.1    -0.7    -0.6
Falcons
19.4
-1.3
-2.6    1.3    -1.0    -3.1    2.4    3.4    2.1    -1.5    -1.0    2.5    -    0.5    3.9    -2.0    -2.5    1.0    2.7    0.4    0.4
Chiefs
23.4
-0.7
-3.1    1.0    -0.5    0.1    -    0.8    0.3    0.5    -0.1    2.1    0.3    0.1    2.1    -1.1    -2.4    0.0    2.3    0.1    0.0
Broncos
25.0
-0.5
-5.4    2.2    1.7    -0.5    2.1    1.7    0.9    1.6    -1.6    -    -0.5    -0.6    0.7    -1.8    -0.2    1.2    0.8    0.2    0.6
Matchup Bonuses can help you predict if a fantasy player will score more or less than usual. We first model the team "Baseline", which represents the fantasy points expected from all team players at the given position. The rest of the table indicates the weekly deviations from this baseline-- i.e. the "matchup bonus". The AVG column therefore represents the rest-of-season strength of schedule.

Player/Team
Baseline
Next 4
1
2
3
4
5
6
7
8
9
10
11
12
13
14
15
16
17
AVG
Playoffs
Chargers
17.2
1.0
2.7    1.7    -0.5    0.2    1.4    -0.8    -    -0.2    0.1    -0.6    1.3    1.9    -1.2    0.3    0.7    1.3    1.0    0.6    1.0
Lions
19.3
0.0
1.6    -1.3    0.8    -1.0    0.8    -    1.6    1.9    0.7    -0.3    -0.7    1.3    0.7    0.7    0.5    -0.3    -0.5    0.4    -0.1
Vikings
17.7
0.1
1.3    -0.6    -2.1    1.8    -0.6    -    0.3    0.3    -0.6    -0.3    -1.5    1.0    0.3    -0.6    1.3    0.1    -0.9    0.0    0.2
Raiders
17.8
-0.8
1.1    -1.6    -1.6    -1.2    -1.0    -0.8    -0.6    -1.4    -2.2    -0.3    -1.4    -1.4    -    -1.1    -0.4    -0.6    -0.1    -0.9    -0.4
Ravens
18.5
0.7
1.1    1.1    0.3    0.5    1.4    -0.2    -0.3    -0.7    1.1    0.0    -0.3    -1.1    -    -0.5    0.3    1.4    -1.0    0.2    0.2
Steelers
19.6
-0.4
1.0    -0.7    -1.2    -0.8    -0.6    -1.9    -1.1    -0.2    -    -1.9    -1.0    -0.7    -1.2    -1.1    -0.4    -0.4    -1.2    -0.8    -0.6
Eagles
17.5
-0.5
0.7    -0.9    -1.2    -0.5    0.1    -0.2    -0.9    -1.2    -0.1    -    0.9    -0.9    1.1    -0.1    1.0    -0.6    -1.4    -0.3    -0.3
Jaguars
18.1
0.1
0.7    -0.4    1.2    -1.0    0.7    0.0    -    0.7    -0.1    -0.8    -1.2    0.4    0.0    0.4    -0.7    -0.9    0.2    -0.1    -0.5
Seahawks
18.5
-0.2
0.7    0.9    -1.8    -0.7    -0.8    -1.1    -0.5    -0.2    1.2    -0.3    -    -2.1    -1.7    -0.2    -0.5    -0.6    -1.2    -0.5    -0.8
Bengals
18.1
0.6
0.6    -0.3    0.5    1.6    1.7    -    0.6    0.9    2.3    1.3    -0.7    1.3    0.8    0.7    0.3    0.7    1.5    0.9    0.8
Bears
18.2
0.7
0.3    1.5    0.5    0.6    0.3    0.8    0.8    -0.8    -1.0    -    0.6    1.0    0.9    1.0    -1.3    1.2    1.5    0.5    0.5
Chiefs
17.4
0.8
0.3    1.0    1.4    0.6    -    0.4    0.3    -0.4    0.7    1.1    1.7    -0.3    -0.3    -1.2    0.5    0.0    0.1    0.4    0.2
Titans
18.0
-0.7
0.1    -0.2    -1.5    -1.4    -1.7    -0.8    -0.7    -1.6    -    -0.6    -1.4    -1.3    -1.2    -0.1    -0.9    -0.7    -0.6    -0.9    -0.7
Saints
16.4
0.4
0.1    -0.9    1.1    1.2    2.3    -0.8    0.1    -    1.4    1.1    -0.2    -1.4    1.9    -0.6    -1.8    2.1    0.7    0.4    0.4
Cowboys
17.8
-0.1
0.1    0.8    0.2    -1.3    -0.1    0.2    -1.0    1.8    -0.1    0.3    0.8    1.7    -0.5    -    -0.5    1.4    0.9    0.3    0.6
Packers
18.3
-0.5
0.0    -0.8    0.9    -1.9    0.4    -0.7    0.5    -0.1    -0.5    1.0    -    -1.1    -0.6    -0.4    1.7    -0.5    -1.8    -0.3    -0.2
Rams
19.0
0.5
0.0    0.8    0.2    0.8    1.0    2.3    0.8    1.0    0.0    1.5    -    2.0    1.3    -0.1    0.7    1.1    -0.8    0.8    0.3
Panthers
18.5
-0.2
-0.1    0.0    -1.1    0.3    -    -0.9    -1.5    -0.4    -0.7    -0.7    -0.5    -2.1    -0.2    -0.6    -0.9    -0.7    0.0    -0.6    -0.5
Buccaneers
18.5
1.3
-0.2    1.5    1.9    1.8    -0.3    1.5    -0.2    1.7    0.5    -    1.5    -0.1    0.8    0.0    1.2    1.5    0.3    0.8    1.0
Texans
17.7
0.5
-0.3    1.3    0.4    0.7    -0.4    0.3    1.0    -    -0.2    0.0    1.3    1.6    0.1    -0.9    1.7    0.2    -0.4    0.4    0.5
Colts
18.8
-0.7
-0.3    -1.3    -0.4    -0.7    -0.8    0.5    0.5    -1.0    -0.2    2.2    -1.2    0.7    -    -0.5    -1.3    0.0    -0.4    -0.3    -0.6
Giants
18.3
0.3
-0.6    -0.7    0.3    2.1    -0.8    0.8    -0.8    -    -0.1    0.0    1.4    0.0    -0.1    0.1    0.9    0.6    -1.0    0.1    0.2
Commanders
17.2
-0.2
-0.8    -1.2    0.8    0.6    -0.2    -1.6    -    1.0    0.0    -0.9    -1.1    1.3    -1.2    -1.0    1.4    0.9    -0.7    -0.2    0.5
49ers
20.0
1.1
-0.8    2.3    1.8    1.1    0.5    -0.2    1.3    -    1.0    -0.3    2.1    1.2    -0.6    0.1    0.1    -1.0    1.1    0.6    0.1
Bills
19.1
1.0
-0.9    2.3    0.7    1.9    -0.2    0.8    -    1.3    1.2    0.1    2.3    0.7    0.8    1.1    1.6    0.0    1.4    0.9    1.0
Patriots
17.6
-0.1
-1.0    1.3    0.1    -0.9    0.7    0.6    0.3    1.3    1.2    1.7    -    -0.2    0.5    1.8    -1.3    -0.4    0.7    0.4    -0.3
Dolphins
19.1
-1.5
-1.4    -2.4    -1.6    -0.5    -1.7    -    -1.8    -0.9    -0.2    -1.2    -1.9    -1.2    -1.5    -0.9    -0.9    -1.6    -1.0    -1.3    -1.1
Jets
17.2
-0.6
-1.4    -0.1    0.1    -0.9    -0.4    -0.6    0.7    -0.1    -1.3    -0.7    -0.9    -0.1    -    -0.6    0.4    -0.2    0.6    -0.3    0.3
Falcons
20.1
-0.8
-1.4    0.2    -0.5    -1.5    0.3    0.9    -0.3    -2.0    -1.8    -0.4    -    -0.1    1.4    -0.8    -1.9    -1.1    0.4    -0.5    -0.8
Broncos
17.9
-0.1
-1.6    1.5    0.6    -0.8    0.0    1.5    1.4    0.5    -0.4    -    1.0    0.5    2.3    -0.2    0.3    0.7    0.3    0.5    0.5
Browns
17.9
-1.3
-1.7    -2.3    -0.9    -0.1    -1.0    -0.6    -1.2    -1.0    -1.1    -1.6    -    -0.7    -1.0    0.2    -1.3    -1.3    -0.8    -1.0    -1.2
Cardinals
17.6
-1.8
-1.8    -0.8    -2.3    -2.5    -0.4    -1.6    -1.2    -1.9    -1.7    -1.3    -2.1    -1.5    -0.3    -    -1.1    -1.5    -1.0    -1.4    -1.2
Matchup Bonuses can help you predict if a fantasy player will score more or less than usual. We first model the team "Baseline", which represents the fantasy points expected from all team players at the given position. The rest of the table indicates the weekly deviations from this baseline-- i.e. the "matchup bonus". The AVG column therefore represents the rest-of-season strength of schedule.

Player/Team
Baseline
Next 4
1
2
3
4
5
6
7
8
9
10
11
12
13
14
15
16
17
AVG
Playoffs
Chargers
6.3
0.7
1.7    1.2    -0.1    -0.1    1.2    -0.2    -    0.6    0.7    -0.4    0.9    1.4    -0.6    0.5    1.1    0.2    1.2    0.6    0.8
Lions
6.2
0.0
1.2    -0.7    0.5    -0.9    0.4    -    0.9    1.1    -0.2    -0.3    0.0    1.0    0.6    0.7    0.3    0.1    -0.4    0.3    0.0
Vikings
6.5
0.3
1.0    -0.2    -0.9    1.1    0.4    -    0.6    0.5    0.4    -0.3    -0.3    0.9    0.6    -0.2    1.0    0.7    -0.6    0.3    0.4
Raiders
7.2
0.3
0.9    0.0    0.0    0.3    -0.3    0.5    0.7    -0.6    -0.6    0.4    -0.4    -0.5    -    0.2    0.5    0.5    0.5    0.1    0.5
Ravens
8.2
0.6
0.9    0.6    0.7    0.2    1.1    -0.2    0.0    -0.2    0.4    -0.1    -0.3    0.1    -    -0.2    0.0    0.7    -0.3    0.2    0.1
Bengals
7.8
0.4
0.6    0.5    0.0    0.6    0.3    -    0.2    0.4    1.4    0.5    -0.6    0.6    0.3    0.4    -0.1    0.6    0.7    0.4    0.4
Steelers
8.1
-0.2
0.4    -0.3    -0.4    -0.4    -0.4    -0.8    -0.5    -0.1    -    -0.7    -0.6    -0.3    -0.4    -0.7    -0.1    -0.2    -0.6    -0.4    -0.3
Saints
7.5
0.6
0.4    -0.3    1.1    1.0    1.6    -0.1    0.1    -    1.3    1.1    0.1    -0.4    1.4    -0.3    -0.7    1.6    0.9    0.6    0.6
Buccaneers
5.9
0.6
0.3    0.7    0.7    0.7    0.4    0.7    -0.2    0.8    0.2    -    0.9    -0.3    0.5    0.0    0.7    1.1    0.4    0.5    0.7
Eagles
7.2
-0.3
0.3    -0.5    -0.8    -0.1    -0.1    -0.3    -0.6    -0.6    0.0    -    0.3    0.0    0.8    -0.2    0.3    -0.1    -0.5    -0.1    -0.1
Texans
7.3
0.8
0.3    1.3    0.6    0.9    -0.2    0.1    1.1    -    0.4    -0.1    1.1    1.3    0.0    -0.5    1.3    0.0    -0.6    0.5    0.2
Seahawks
7.4
-0.3
0.2    0.4    -1.2    -0.6    -0.4    -0.9    -0.4    -0.5    0.1    -0.1    -    -1.1    -1.3    -0.2    -0.7    -0.3    -1.1    -0.5    -0.7
Titans
7.2
-0.2
0.2    0.0    -0.4    -0.5    -0.5    0.2    -0.2    -0.4    -    -0.3    0.1    -0.6    -0.4    0.3    -0.4    0.2    -0.2    -0.2    -0.1
Colts
7.2
0.0
0.2    -0.5    0.4    -0.3    -0.6    0.7    0.4    -0.7    0.4    1.2    0.0    0.9    -    -0.5    -0.8    0.6    -0.4    0.1    -0.2
Panthers
5.9
-0.1
0.1    0.4    -0.6    -0.1    -    -0.6    -0.7    -0.4    -0.3    0.3    -0.2    -1.0    0.1    -0.2    -0.2    -0.4    -0.1    -0.2    -0.2
Packers
6.8
-0.4
0.1    -0.9    0.3    -1.0    0.1    -0.4    0.4    -0.3    -0.4    0.2    -    0.0    0.1    -0.2    0.4    -0.4    -1.0    -0.2    -0.3
Rams
9.4
0.0
0.0    0.5    -0.3    -0.2    0.6    1.0    0.3    0.6    -0.4    0.6    -    0.7    0.9    -0.2    0.5    0.0    -0.8    0.3    -0.1
Bears
7.9
0.1
0.0    0.5    -0.1    0.0    -0.2    0.7    0.3    -0.8    -0.6    -    0.3    0.6    0.2    0.0    -0.6    0.3    0.4    0.1    0.0
Jaguars
6.9
-0.1
-0.1    -0.4    0.5    -0.5    0.1    0.5    -    0.1    -0.2    -0.6    -0.7    0.0    -0.1    -0.1    0.2    -0.1    0.0    -0.1    0.0
Cowboys
7.4
0.0
-0.1    0.5    -0.1    -0.4    0.1    -0.5    -1.2    0.8    0.0    0.6    0.6    0.9    -0.9    -    0.1    0.7    0.7    0.1    0.5
Giants
7.2
0.3
-0.1    0.2    0.1    0.9    -0.4    0.5    0.3    -    -0.2    0.0    0.6    0.4    0.2    -0.1    0.5    0.4    0.0    0.2    0.3
49ers
8.8
0.3
-0.1    0.5    0.5    0.3    -0.1    -0.4    0.8    -    0.1    0.1    1.0    0.1    -0.5    0.0    0.3    -0.6    0.1    0.1    0.0
Jets
6.2
0.0
-0.2    -0.1    0.5    -0.2    0.0    0.0    0.1    0.1    -0.2    0.1    0.4    -0.3    -    -0.1    0.7    0.1    0.3    0.1    0.4
Bills
8.6
0.4
-0.2    0.7    0.2    0.7    0.3    0.5    -    0.5    0.5    -0.4    0.5    0.4    0.2    0.1    0.6    -0.2    0.1    0.3    0.1
Cardinals
9.2
-0.5
-0.2    0.0    -0.7    -1.0    0.1    0.1    0.0    -0.3    -0.9    0.1    -0.7    -0.1    0.3    -    -0.2    -0.1    -0.1    -0.2    -0.1
Dolphins
6.7
-0.3
-0.3    -0.7    -0.5    0.1    -0.5    -    -1.0    -0.3    -0.2    0.0    -0.6    -0.7    -0.6    -0.3    -0.5    -0.6    -0.1    -0.4    -0.4
Commanders
7.1
0.1
-0.6    -0.1    0.2    0.7    0.0    -0.6    -    0.4    0.3    -0.3    -0.5    1.0    -0.6    -0.3    0.6    0.8    -0.5    0.0    0.3
Chiefs
8.1
0.1
-0.6    0.3    0.1    0.4    -    0.1    -0.2    -0.4    0.0    0.8    0.5    -0.1    0.4    -0.6    -0.1    0.1    0.4    0.1    0.2
Patriots
7.8
-0.3
-0.8    0.4    -0.2    -0.5    0.0    -0.1    0.0    0.0    0.1    0.8    -    0.3    0.2    0.5    -0.8    -0.7    0.1    -0.1    -0.4
Falcons
8.1
-0.3
-0.9    0.4    -0.5    -0.3    0.7    0.9    0.7    -0.9    -0.7    0.5    -    0.1    0.9    -0.5    -0.9    0.0    0.8    0.0    -0.1
Browns
8.2
-0.5
-1.0    -0.8    -0.4    0.1    -0.5    -0.1    -0.3    -0.4    0.2    -0.3    -    -0.2    0.0    0.3    -0.3    -0.4    -0.2    -0.3    -0.3
Broncos
6.9
-0.2
-1.4    0.5    0.4    -0.3    0.4    0.4    0.7    0.2    -0.6    -    0.2    -0.1    0.6    -0.6    0.3    0.3    -0.1    0.1    0.2
