Player/Team
3
4
5
6
7
8
9
10
11
12
13
14
15
16
17
AVG
Playoffs
Chiefs	10.7	6.4	-	7.7	4.6	7.2	7.9	7.5	7.3	4.0	3.3	6.8	7.9	4.2	6.5	6.6	6.2
Seahawks	8.6	8.7	4.9	6.7	6.8	8.5	7.9	6.3	-	3.8	5.4	6.3	8.1	5.5	5.8	6.7	6.5
Giants	8.5	6.4	4.0	6.0	4.8	-	5.3	4.5	3.0	2.7	2.9	3.1	6.7	4.1	1.2	4.5	4.0
Bengals	8.3	3.0	8.8	-	4.7	7.3	7.6	7.7	6.8	7.1	7.3	4.9	4.6	4.0	4.4	6.2	4.3
49ers	7.7	7.1	4.9	7.6	7.8	-	6.6	2.3	8.0	5.4	5.2	4.1	5.6	4.5	7.3	6.0	5.8
Packers	7.7	5.6	5.9	2.9	4.4	5.4	6.5	7.8	-	4.0	6.3	4.4	9.0	6.0	8.5	6.0	7.8
Buccaneers	7.5	7.1	0.3	8.1	4.8	7.8	5.1	-	4.7	6.7	6.9	5.2	7.0	6.7	4.0	5.9	5.9
Panthers	7.4	3.3	-	5.4	4.7	4.0	5.9	4.5	3.9	6.0	4.9	5.7	4.6	5.4	4.0	5.0	4.7
Rams	7.3	8.6	5.1	7.1	5.6	7.4	6.3	6.5	-	7.3	5.2	4.0	3.8	4.9	6.8	6.1	5.2
Eagles	7.3	3.8	3.3	5.7	3.9	5.5	5.8	-	7.9	1.9	5.1	5.2	4.7	6.2	3.7	5.0	4.9
Bills	7.2	6.7	4.3	5.4	-	5.5	8.3	7.0	9.0	5.5	6.1	6.5	5.9	5.8	7.7	6.5	6.4
Jaguars	7.1	5.8	7.3	7.5	-	5.5	3.9	6.6	4.3	7.6	5.0	8.3	6.3	1.7	5.4	5.9	4.5
Saints	7.0	8.3	7.4	4.7	7.7	-	7.6	5.2	5.8	5.8	6.5	5.2	5.8	5.7	6.0	6.3	5.8
Bears	6.8	7.8	6.4	6.7	5.2	5.7	6.6	-	6.9	4.5	4.4	8.0	3.8	6.1	4.6	6.0	4.8
Vikings	6.8	9.0	4.6	-	4.9	3.3	4.3	5.8	3.1	7.1	4.7	4.6	4.7	5.0	5.7	5.3	5.1
Steelers	6.7	6.2	4.8	5.7	6.3	7.8	-	6.1	7.0	5.3	7.0	5.6	6.0	5.4	6.2	6.2	5.9
Lions	6.1	2.5	3.9	-	4.4	5.2	6.7	4.8	3.6	3.4	4.2	5.4	4.2	4.6	4.2	4.5	4.3
Titans	5.9	4.4	6.2	3.0	6.5	5.0	-	3.4	1.5	3.2	5.0	3.2	4.1	4.4	6.2	4.4	4.9
Texans	5.9	1.9	7.3	3.4	4.7	-	6.0	7.5	4.3	5.1	7.2	5.7	3.4	5.5	7.0	5.3	5.3
Commanders	5.8	4.9	4.8	4.1	-	7.2	4.1	3.8	6.8	5.0	6.6	6.9	7.0	5.5	3.9	5.4	5.4
Raiders	5.8	4.4	5.5	3.0	3.6	6.2	3.4	4.5	5.9	7.3	-	6.5	6.3	6.4	5.4	5.3	6.0
Browns	5.2	6.2	5.3	4.9	6.1	6.4	4.9	6.7	-	5.2	5.1	6.4	3.8	5.0	4.3	5.4	4.3
Falcons	5.2	6.3	4.6	4.8	2.3	5.7	5.6	4.8	-	6.0	5.2	7.1	5.1	5.4	6.4	5.3	5.6
Patriots	4.7	3.5	7.3	8.1	5.6	9.5	7.6	5.8	-	7.0	4.9	7.0	6.9	7.1	6.7	6.5	6.9
Jets	4.3	5.4	8.7	6.2	10.2	6.8	5.4	5.2	7.0	9.1	-	6.9	6.2	7.0	7.6	6.9	6.9
Broncos	4.1	2.4	5.2	4.0	5.4	4.9	4.5	-	5.9	5.9	8.4	6.0	4.4	3.7	5.3	5.0	4.5
Colts	3.7	2.3	4.3	5.6	2.9	1.0	0.3	7.1	2.7	3.0	-	4.3	2.8	2.9	2.8	3.3	2.8
Ravens	3.6	8.6	7.8	8.4	7.5	3.4	3.9	8.6	6.0	7.0	-	7.0	7.7	7.9	5.5	6.6	7.0
Cowboys	3.2	5.5	4.2	5.4	8.4	5.9	3.6	2.5	6.3	7.1	5.1	-	2.9	3.6	4.7	4.9	3.7
Chargers	3.1	4.8	5.8	3.9	-	2.9	6.7	6.2	5.5	5.2	5.1	4.6	2.5	7.2	4.5	4.8	4.7
Cardinals	3.1	3.0	2.8	1.8	4.8	1.1	3.6	3.4	4.1	4.7	6.5	-	5.5	5.2	4.7	3.9	5.2
Dolphins	2.5	4.1	3.8	-	4.7	4.9	3.0	3.0	2.7	5.8	4.8	4.2	4.5	5.1	3.1	4.0	4.3
Player/Team
3
4
5
6
7
8
9
10
11
12
13
14
15
16
17
AVG
Playoffs
Tyler Loop | BAL	10.0	9.0	8.6	7.8	7.4	6.9	6.6	6.9	6.9	8.5	-	8.5	8.6	8.2	5.9	8.0	7.5
Trey Smack | GB	9.9	7.2	7.0	6.8	7.2	6.1	7.3	7.8	-	8.0	8.1	8.0	7.9	8.0	7.9	7.7	7.9
Eddy Pineiro | SF	9.9	8.2	7.5	7.5	9.2	-	7.4	7.3	7.9	8.2	8.6	7.3	7.6	7.6	8.2	8.1	7.8
Evan McPherson | CIN	9.4	7.1	7.7	-	7.5	6.0	6.4	5.9	6.7	8.0	8.4	8.2	7.3	8.0	7.8	7.5	7.7
Ka'imi Fairbairn | HOU	9.2	6.8	7.6	7.1	7.6	-	7.8	7.4	6.9	8.5	7.5	7.0	7.4	7.0	7.7	7.6	7.4
Jake Bates | DET	9.1	7.5	9.1	-	8.4	8.6	7.8	7.2	8.4	7.9	8.4	8.6	8.9	8.5	6.9	8.3	8.1
Tyler Bass | BUF	8.9	8.0	7.2	8.9	-	7.6	8.7	8.4	7.9	7.5	7.8	7.8	8.2	7.7	7.9	8.1	8.0
Spencer Shrader | IND	8.9	7.8	8.7	9.1	8.3	7.6	7.1	8.4	7.1	7.5	-	7.7	7.8	7.6	7.1	8.1	7.5
Chase McLaughlin | TB	8.9	7.9	6.9	6.5	7.1	7.2	7.1	-	6.9	7.5	7.7	8.1	8.7	8.2	7.3	7.6	8.0
Cam Little | JAC	8.7	8.3	8.2	8.8	-	8.3	7.1	8.2	7.8	8.6	7.5	8.3	8.4	8.0	8.2	8.2	8.2
Brandon Aubrey | DAL	8.6	8.8	8.4	8.7	8.2	9.7	9.2	8.9	8.9	8.3	8.4	-	8.0	8.5	8.3	8.8	8.2
Ryan Fitzgerald | CAR	8.5	7.6	-	7.3	7.2	6.3	7.7	7.8	7.1	7.4	8.1	7.8	8.1	8.4	7.0	7.6	7.8
Harrison Butker | KC	8.5	8.5	-	7.8	7.2	7.5	7.3	8.3	7.6	7.2	6.7	7.7	7.8	8.2	8.0	7.7	8.0
Harrison Mevis | LAR	8.4	8.0	8.3	8.8	8.3	8.2	7.7	8.4	-	8.5	7.7	7.2	8.0	7.6	7.4	8.2	7.6
Jason Sanders | NYJ	8.4	6.2	7.6	7.4	6.4	7.7	7.4	7.6	7.7	8.1	-	8.1	8.3	8.3	8.1	7.7	8.2
Daniel Carlson | NO	8.4	8.7	9.7	7.5	8.0	-	8.4	8.0	7.0	7.9	8.6	7.2	8.0	8.6	8.5	8.2	8.3
Jason Myers | SEA	8.3	8.4	8.8	7.8	7.6	8.1	9.0	8.0	-	8.3	8.1	8.7	7.9	7.9	8.1	8.3	8.0
Dominic Zvada | NYG	8.2	8.2	7.6	7.5	7.9	-	7.1	6.8	7.7	8.3	7.0	6.4	7.9	7.5	7.0	7.6	7.5
Drew Stevens | WAS	7.9	9.1	8.1	7.1	-	7.1	6.8	7.4	7.4	8.6	8.1	7.6	7.4	8.1	7.2	7.8	7.6
Will Reichard | MIN	7.8	8.6	7.8	-	8.2	7.6	7.5	7.3	7.3	7.8	7.5	6.3	7.6	7.9	7.5	7.7	7.7
Nick Folk | ATL	7.8	8.3	7.1	7.2	7.3	7.3	7.3	7.3	-	8.2	8.0	7.2	7.0	7.7	8.0	7.6	7.6
Andres Borregales | NE	7.7	7.0	8.0	7.3	6.4	6.3	6.9	6.7	-	8.0	7.8	7.4	8.3	8.2	8.2	7.5	8.2
Cairo Santos | CHI	7.5	8.1	7.8	8.3	6.5	7.5	8.4	-	7.7	7.8	7.7	7.9	6.6	7.9	7.5	7.8	7.3
Matt Gay | LV	7.4	7.5	6.8	7.7	7.5	7.7	7.6	7.9	7.4	7.6	-	8.0	8.3	8.4	8.4	7.8	8.4
Cameron Dicker | LAC	7.4	6.7	8.4	7.2	-	6.9	7.9	7.1	8.5	8.0	7.3	8.1	7.3	7.5	7.7	7.6	7.5
Jake Elliott | PHI	7.3	6.3	7.8	6.9	7.1	7.9	7.2	-	8.1	7.7	8.7	8.5	6.9	8.1	7.1	7.6	7.3
Wil Lutz | DEN	6.8	7.2	8.2	6.4	8.5	7.0	6.8	-	7.2	7.1	8.1	7.6	7.9	6.8	7.1	7.4	7.2
Chris Boswell | PIT	6.7	7.1	8.0	7.4	7.2	7.2	-	7.6	7.0	7.0	8.0	7.6	6.5	6.9	7.4	7.3	6.9
Andre Szmyt | CLE	6.7	7.8	8.5	7.1	7.8	7.9	8.3	7.5	-	7.4	7.8	7.7	7.5	6.9	7.9	7.7	7.4
Chad Ryland | ARI	6.5	7.1	7.8	7.4	8.0	7.8	7.4	7.5	7.3	8.0	7.7	-	7.8	7.8	7.8	7.7	7.8
Joey Slye | TEN	6.4	6.4	7.6	8.3	7.2	7.6	-	7.5	7.5	7.6	7.5	7.2	7.7	7.8	7.7	7.5	7.8
Riley Patterson | MIA	5.8	8.6	7.2	-	7.2	6.6	7.0	8.1	6.9	7.6	7.2	6.9	7.3	7.7	6.7	7.2	7.2
Player/Team
3
4
5
6
7
8
9
10
11
12
13
14
15
16
17
AVG
Playoffs
Lamar Jackson | BAL	23.0	18.9	19.6	16.6	17.8	16.6	18.0	16.8	18.3	17.2	-	17.6	17.0	16.8	17.1	17.9	16.9
Josh Allen | BUF	22.5	20.4	19.4	21.1	-	19.1	19.0	18.0	18.7	19.7	18.9	18.4	18.5	18.8	18.2	19.3	18.5
Patrick Mahomes | KC	19.8	18.5	-	17.3	16.2	16.5	17.0	18.4	17.5	16.5	17.2	17.7	15.9	17.4	17.2	17.4	16.8
Brock Purdy | SF	19.4	18.8	15.2	16.7	20.0	-	18.0	18.5	18.4	16.3	17.1	16.9	17.8	17.2	17.2	17.7	17.4
Dak Prescott | DAL	18.6	18.3	19.4	17.9	14.9	18.6	18.0	17.6	18.5	17.5	14.8	-	16.9	18.0	17.1	17.6	17.3
Jared Goff | DET	18.5	16.5	17.5	-	16.3	17.0	16.4	15.4	16.1	15.4	16.1	17.0	15.7	15.3	15.2	16.3	15.4
Tyler Shough | NO	17.7	17.2	18.5	16.1	16.8	-	16.9	17.5	15.8	15.8	16.4	16.2	15.6	16.8	16.5	16.7	16.3
Drake Maye | NE	17.1	15.5	18.2	16.8	16.4	16.2	17.0	19.4	-	17.5	16.1	17.7	15.7	15.9	17.0	16.9	16.2
Geno Smith | NYJ	17.1	14.7	16.5	15.0	15.8	17.0	15.6	14.5	16.7	15.5	-	15.9	16.8	15.6	16.6	15.9	16.3
C.J. Stroud | HOU	17.1	16.0	15.1	13.7	15.8	-	14.9	14.4	15.4	15.1	15.4	14.4	14.9	14.9	13.4	15.0	14.4
Jalen Hurts | PHI	16.7	16.2	16.5	17.4	15.1	15.4	15.9	-	16.8	16.4	16.5	16.4	16.0	16.6	16.4	16.3	16.3
Jordan Love | GB	16.6	13.8	13.0	14.6	14.8	15.1	13.9	14.0	-	14.3	14.5	14.1	15.1	14.2	13.4	14.4	14.2
Trevor Lawrence | JAC	16.4	19.6	18.5	17.7	-	16.8	16.7	16.8	17.0	17.4	16.9	16.5	17.4	17.3	16.7	17.3	17.1
Jaxson Dart | NYG	16.2	18.5	15.9	17.4	16.6	-	14.8	16.1	17.2	16.8	16.2	15.8	16.8	16.8	16.9	16.6	16.8
Matthew Stafford | LAR	16.1	17.1	16.4	18.2	17.9	17.6	16.6	16.7	-	17.0	17.3	15.9	17.5	15.6	16.8	16.9	16.6
Justin Herbert | LAC	15.8	12.7	16.1	14.7	-	16.0	16.1	13.8	15.5	16.0	15.5	15.3	15.9	16.1	16.0	15.4	16.0
Bryce Young | CAR	15.5	18.5	-	14.4	15.3	15.4	16.1	15.0	14.7	13.6	15.9	15.5	16.6	16.4	15.3	15.6	16.1
Bo Nix | DEN	14.8	14.9	15.1	14.0	16.9	14.5	15.8	-	15.5	16.0	15.7	15.1	15.1	15.5	15.8	15.3	15.5
Joe Burrow | CIN	14.6	15.7	16.9	-	14.0	16.9	16.9	16.3	14.4	16.3	15.6	15.4	16.6	16.4	15.4	15.8	16.1
Baker Mayfield | TB	14.4	17.8	17.5	17.7	16.2	17.2	15.4	-	18.0	15.7	17.1	15.6	16.0	17.3	16.4	16.6	16.5
Daniel Jones | IND	14.3	15.1	15.3	16.3	15.0	13.7	15.8	16.2	14.5	15.8	-	14.4	15.4	16.0	15.2	15.2	15.5
Deshaun Watson | CLE	14.1	15.7	14.6	13.8	16.3	15.0	15.3	15.1	-	15.5	15.3	16.5	15.2	14.8	15.8	15.2	15.3
Malik Willis | MIA	13.8	13.9	14.2	-	12.5	13.5	15.6	14.8	12.9	13.3	14.3	14.3	14.4	15.0	14.6	14.1	14.6
Kirk Cousins | LV	13.3	15.0	14.5	15.2	16.4	14.9	14.8	15.1	14.3	15.5	-	15.9	16.1	16.8	16.5	15.3	16.4
Carson Wentz | MIN	13.2	16.7	15.3	-	16.0	15.9	13.6	14.4	14.6	16.6	16.2	15.1	16.9	15.9	15.2	15.4	16.0
Drew Lock | SEA	13.1	15.0	14.6	15.7	16.5	15.0	16.5	16.5	-	15.1	15.4	16.4	16.3	16.1	16.7	15.6	16.4
Michael Penix | ATL	13.1	12.3	14.3	14.8	14.6	13.7	14.6	15.0	-	14.4	16.6	15.0	14.1	15.4	15.7	14.5	15.1
Jacoby Brissett | ARI	13.0	13.5	15.6	13.9	14.7	15.2	12.5	14.5	14.0	15.1	15.4	-	14.9	15.6	15.7	14.5	15.4
Caleb Williams | CHI	12.5	16.7	15.6	17.1	15.7	13.8	16.6	-	15.9	17.2	16.7	16.0	15.4	15.6	16.8	15.8	15.9
Marcus Mariota | WAS	12.4	18.3	15.5	14.1	-	15.1	16.7	15.1	14.8	16.5	16.2	15.7	17.3	16.6	16.5	15.8	16.8
Cam Ward | TEN	12.2	12.5	12.9	14.0	14.1	14.4	-	13.8	15.1	13.2	14.3	15.7	14.1	15.6	15.4	14.1	15.0
Aaron Rodgers | PIT	12.1	12.4	13.3	13.2	13.3	13.1	-	13.3	13.0	13.8	14.2	12.8	13.4	15.1	14.9	13.4	14.5
Player/Team
Baseline
Next 4
3
4
5
6
7
8
9
10
11
12
13
14
15
16
17
AVG
Playoffs
Jets
19.3
0.7
3.3	-1.2	1.5	-0.9	0.2	0.5	-1.1	2.7	4.7	-1.9	-	-0.4	4.6	-0.9	2.1	0.9	1.9
Packers
25.9
0.2
3.1	-2.0	-1.0	0.6	4.5	1.2	-1.6	0.1	-	0.8	1.3	1.3	-0.3	-1.3	-2.5	0.3	-1.4
Texans
22.1
0.6
2.2	2.2	-0.3	-1.9	3.0	-	2.2	-2.0	4.3	1.7	-3.3	-1.5	0.8	-2.0	-5.7	0.0	-2.3
Lions
28.1
2.5
2.0	1.1	4.5	-	4.0	4.2	-0.6	-1.4	2.1	2.9	3.8	5.1	2.6	0.9	-0.3	2.2	1.1
Raiders
20.2
2.6
1.9	2.2	-0.1	6.5	4.8	0.1	0.3	1.7	-0.3	0.7	-	7.2	4.1	7.3	6.0	3.0	5.8
Ravens
21.9
0.7
1.9	1.0	1.6	-1.9	-2.1	-0.7	-1.2	-1.4	-0.9	2.0	-	-1.7	-3.5	0.3	-2.8	-0.7	-2.0
Chargers
25.6
-0.6
1.8	-3.5	1.3	-1.9	-	0.7	4.1	-4.1	0.8	1.3	-1.9	-0.1	1.5	-2.4	0.7	-0.1	-0.1
Bills
20.0
-0.5
1.7	-1.3	-2.6	0.2	-	0.0	-2.2	-2.3	-1.6	-1.1	-2.4	-0.4	-1.1	-2.7	-2.6	-1.3	-2.1
Colts
21.5
1.0
0.9	1.9	-3.2	4.4	1.9	-1.9	2.7	1.8	3.5	4.4	-	-1.8	0.4	1.6	-0.3	1.2	0.5
49ers
20.8
-2.2
0.6	-2.1	-4.8	-2.7	1.5	-	-1.5	0.4	1.6	-3.5	-0.9	-1.3	2.6	-3.5	-1.7	-1.1	-0.9
Cardinals
16.8
2.8
0.6	1.0	6.7	2.8	1.7	2.6	-1.3	2.9	-0.5	4.5	3.3	-	1.9	3.0	2.2	2.2	2.3
Broncos
21.8
0.2
0.4	-0.8	3.4	-2.2	3.8	-1.5	0.1	-	-1.0	-2.2	0.2	-1.4	0.2	1.5	-1.3	0.0	0.1
Saints
23.6
0.7
0.4	-0.9	3.3	0.1	-2.8	-	2.9	3.7	-1.9	-2.5	2.8	-0.5	-3.2	4.9	1.7	0.6	1.2
Giants
19.5
1.3
0.0	3.6	0.3	1.2	3.6	-	-1.9	1.8	0.1	4.2	-0.6	-2.3	1.0	1.2	1.2	0.9	1.1
Titans
20.3
1.4
0.0	-0.4	1.8	4.2	0.6	-0.2	-	-0.2	2.2	-0.8	0.9	4.7	2.9	1.5	-1.4	1.1	1.0
Falcons
17.2
1.0
0.0	-1.6	2.7	2.8	3.0	-1.1	-0.3	1.3	-	2.1	7.2	0.5	0.2	1.8	3.9	1.6	1.9
Steelers
22.1
0.1
-0.4	0.1	1.8	-1.4	-0.4	0.1	-	-1.3	-1.3	-1.3	2.0	-3.8	-0.2	1.1	0.8	-0.3	0.6
Browns
16.4
-0.9
-0.6	-1.2	-1.2	-0.4	0.7	-2.7	1.3	1.2	-	-1.3	-0.1	1.1	0.5	-0.9	2.8	-0.1	0.8
Vikings
21.2
0.9
-0.9	1.7	1.8	-	5.5	4.6	-0.1	-0.6	-0.4	2.6	3.4	-1.3	6.2	4.4	-1.3	1.8	3.1
Cowboys
28.7
1.5
-1.0	3.9	2.2	0.6	-4.7	5.3	3.9	2.5	4.8	3.0	-6.4	-	2.0	2.6	4.3	1.6	3.0
Dolphins
19.2
-0.3
-2.1	2.1	-1.0	-	-1.9	-1.3	3.0	3.4	0.2	-1.5	-1.6	-1.1	-0.3	1.2	1.5	0.0	0.8
Buccaneers
24.4
0.1
-2.1	1.2	2.0	-0.8	0.4	1.4	-1.6	-	5.0	-2.8	3.6	-1.3	1.2	2.6	-0.5	0.6	1.1
Panthers
22.6
-0.9
-2.3	2.8	-	-3.2	-1.2	-1.5	-1.9	1.3	-0.8	-7.5	0.2	-0.1	-1.4	-3.7	-3.9	-1.6	-3.0
Chiefs
21.8
-0.5
-2.5	-0.7	-	1.6	-4.4	-3.0	-1.6	1.2	1.7	0.5	0.1	-3.1	-6.6	-1.8	2.8	-1.1	-1.9
Eagles
25.4
-1.3
-2.7	-1.1	-1.3	-0.1	-3.9	-0.8	0.5	-	-2.4	1.0	2.7	2.0	-2.2	1.8	-1.6	-0.6	-0.7
Jaguars
26.0
-0.2
-2.7	-1.4	-0.5	3.8	-	2.1	-0.5	0.5	-0.2	1.8	-1.4	-4.8	3.5	1.2	1.5	0.2	2.1
Patriots
21.4
-1.9
-3.1	-1.0	-1.8	-1.8	-2.6	-2.6	-0.3	3.9	-	3.0	1.3	0.7	-7.0	-3.9	-1.7	-1.2	-4.2
Bengals
27.1
-1.8
-3.2	-0.3	-1.8	-	-1.8	2.4	3.2	-1.6	-3.7	0.9	0.1	-1.7	0.3	3.6	0.3	-0.2	1.4
Seahawks
28.0
-2.3
-3.2	0.3	-2.7	-3.7	-1.5	-5.0	2.3	-0.4	-	-3.1	-4.2	1.1	-1.8	-0.4	-1.0	-1.7	-1.1
Rams
25.1
-0.7
-3.9	-2.4	-0.2	3.8	-0.1	3.4	0.0	2.6	-	1.5	0.7	-2.2	1.3	-4.0	-3.0	-0.2	-1.9
Commanders
20.6
-1.8
-6.1	3.7	0.0	-5.0	-	-1.7	-0.6	-0.7	-5.5	2.7	-1.3	0.2	-0.2	1.1	-2.6	-1.1	-0.6
Bears
21.8
-3.7
-7.7	-3.6	-3.4	-0.3	-4.7	-9.5	-3.5	-	-1.4	2.3	-2.7	-4.2	-3.0	-1.7	1.1	-3.0	-1.2
Player/Team
Baseline
Next 4
3
4
5
6
7
8
9
10
11
12
13
14
15
16
17
AVG
Playoffs
Chiefs
21.7
1.6
4.0	0.2	-	0.6	-2.2	1.7	-0.2	-0.1	0.4	0.7	-1.2	-1.7	-1.3	-0.3	0.4	0.1	-0.4
Texans
17.1
0.4
2.1	0.8	0.2	-1.8	1.6	-	-1.0	-1.7	2.8	0.0	0.5	-2.3	-0.7	-0.8	-0.9	-0.1	-0.8
Ravens
20.9
0.6
1.7	1.8	-0.1	-1.0	-1.1	-0.2	-0.4	0.2	1.6	-0.7	-	0.0	1.1	0.4	-1.9	0.1	-0.1
Browns
15.4
0.1
1.1	1.5	-1.4	-0.8	0.4	0.5	0.4	-1.1	-	-0.6	-1.3	-0.6	0.3	-1.5	2.4	0.0	0.4
Eagles
15.6
-0.1
1.1	-1.7	-1.2	1.7	-0.2	-1.9	1.0	-	1.2	-0.2	-1.1	2.4	-1.7	-0.6	-1.5	-0.2	-1.2
Rams
20.9
0.9
1.1	0.2	1.5	0.8	0.2	1.0	-0.6	0.1	-	2.0	1.1	-0.8	1.3	-1.9	-0.6	0.4	-0.4
Giants
18.1
0.5
0.9	0.6	-1.3	1.7	-0.6	-	-0.6	-0.3	-0.2	2.4	-0.7	-2.0	0.1	1.1	-0.1	0.1	0.3
Raiders
18.8
0.7
0.9	0.4	-0.8	2.3	0.4	-0.8	-0.9	-0.6	1.8	-0.6	-	1.8	3.8	3.4	0.6	0.8	2.6
Bengals
17.3
1.4
0.9	-0.1	3.6	-	-1.0	2.1	0.8	2.0	-1.6	2.2	-0.3	-0.1	1.9	2.7	0.3	1.0	1.6
Packers
15.9
0.0
0.6	-1.4	0.3	0.4	1.1	2.2	-1.4	-1.5	-	-1.7	0.6	0.2	3.9	-0.2	-1.4	0.1	0.8
Lions
20.8
0.9
0.6	1.9	0.1	-	2.4	0.2	3.8	-1.3	0.5	1.8	0.2	2.7	-1.1	2.0	0.5	1.0	0.4
Jets
18.6
-0.2
0.5	-0.2	0.0	-1.1	4.1	0.3	-0.7	1.1	0.3	2.9	-	2.1	0.0	-0.7	-0.6	0.6	-0.4
Titans
17.2
-0.1
0.4	-1.4	-1.2	1.8	-0.8	-1.9	-	-1.0	-0.1	-1.6	-1.3	0.8	2.2	-0.7	1.1	-0.3	0.9
Bills
19.4
0.0
0.4	0.2	-1.1	0.3	-	0.7	-1.0	-0.8	4.4	0.6	-0.9	1.4	1.5	1.8	3.6	0.8	2.3
Saints
15.6
0.0
0.3	-0.4	-0.3	0.4	0.9	-	0.6	2.9	-0.4	-2.5	1.8	1.1	-1.9	0.6	-0.9	0.2	-0.8
Chargers
17.7
-0.2
0.3	-2.2	2.4	-1.2	-	-1.8	0.0	-1.6	-0.7	-0.4	-1.5	-1.1	-0.5	2.8	-0.2	-0.4	0.7
Vikings
17.7
1.8
0.0	4.4	0.9	-	3.5	1.3	0.4	0.2	-1.1	-0.1	2.8	-1.4	2.5	0.3	-1.4	0.9	0.5
49ers
22.9
0.2
-0.2	2.5	-1.5	-0.2	0.3	-	0.8	0.8	0.1	-0.9	1.2	-0.6	0.6	-0.5	0.9	0.2	0.3
Falcons
18.9
0.4
-0.3	0.5	0.1	1.5	0.2	-1.0	-1.7	0.0	-	-1.5	2.7	-0.8	-1.7	0.1	2.3	0.0	0.2
Cardinals
18.1
0.2
-0.6	0.2	2.3	-1.1	2.2	0.3	-2.0	-0.8	-0.8	-0.1	1.3	-	-0.5	1.1	0.2	0.1	0.3
Cowboys
18.2
0.6
-0.7	0.3	1.3	1.6	0.0	1.4	3.0	1.0	3.1	2.3	-1.9	-	-0.2	1.1	3.1	1.1	1.3
Jaguars
19.4
0.0
-0.7	-1.0	1.0	0.8	-	3.2	-0.1	1.3	1.0	2.3	0.6	2.0	0.2	0.8	0.3	0.8	0.5
Broncos
18.6
-1.0
-0.8	-1.1	-0.5	-1.5	-0.4	-0.6	1.3	-	-0.3	1.0	4.2	-1.3	-0.9	0.5	-1.3	-0.1	-0.6
Panthers
20.0
-0.1
-1.2	1.8	-	-0.8	-0.1	0.1	1.9	1.1	-0.4	-2.2	-1.9	1.5	-1.2	0.7	-2.1	-0.2	-0.9
Dolphins
16.1
-1.7
-1.3	-1.9	-1.9	-	-2.1	-1.4	0.9	1.5	-0.9	-1.4	0.7	-0.3	-0.3	-1.1	0.1	-0.7	-0.4
Steelers
17.0
-0.6
-1.4	-1.2	1.8	-1.5	0.3	-0.9	-	-2.2	-0.8	1.2	-1.0	-1.7	-0.9	1.7	0.3	-0.5	0.3
Patriots
17.3
-0.7
-1.4	-0.5	0.0	-0.7	0.1	3.2	1.2	2.2	-	0.0	1.1	-0.6	-1.5	-1.9	2.1	0.2	-0.4
Seahawks
17.7
-0.3
-1.7	0.0	-0.8	1.3	0.6	0.8	0.7	0.2	-	-1.2	0.6	2.2	0.4	-0.3	2.0	0.3	0.7
Colts
23.2
0.0
-1.8	-0.8	0.5	2.2	-1.6	-1.7	1.1	4.5	-0.7	2.3	-	-0.7	0.4	-0.7	-1.1	0.1	-0.5
Bears
20.7
-1.2
-2.0	-1.2	-0.4	-1.2	-1.9	-3.5	-0.9	-	1.2	1.0	-1.0	2.7	-1.3	0.7	1.3	-0.5	0.2
Buccaneers
17.1
0.6
-2.5	1.9	0.8	2.4	1.8	0.3	0.2	-	2.1	2.2	1.1	-0.9	2.3	0.1	-1.0	0.8	0.5
Commanders
18.2
-0.4
-2.9	2.4	0.7	-2.0	-	-0.2	-1.6	0.0	-2.2	-0.9	-0.3	-1.2	-0.8	-1.9	-2.1	-0.9	-1.6
Player/Team
Baseline
Next 4
3
4
5
6
7
8
9
10
11
12
13
14
15
16
17
AVG
Playoffs
Ravens
10.0
0.5
2.6	-1.0	1.8	-1.3	0.0	-0.7	-0.4	0.7	0.4	0.3	-	1.3	-2.5	-0.5	-0.3	0.0	-1.1
Jets
6.7
0.1
2.5	-0.3	-0.2	-1.4	1.3	0.2	0.9	0.5	1.8	0.6	-	-0.3	0.9	-1.3	1.0	0.4	0.2
Packers
6.2
1.3
2.4	1.0	-0.2	1.9	2.8	1.1	-1.7	0.4	-	-1.7	-0.5	0.0	1.1	-0.4	-0.3	0.4	0.1
Vikings
8.8
1.1
1.7	1.9	-0.3	-	1.0	2.9	0.5	-0.2	-2.1	2.2	1.9	-1.6	3.5	3.2	-1.9	0.9	1.6
Bills
12.4
-0.6
0.8	-1.5	-2.0	0.0	-	-1.4	0.5	-2.2	0.8	0.9	-2.0	-0.2	-0.1	-1.1	0.4	-0.5	-0.3
Seahawks
7.0
-0.7
0.7	0.5	-2.6	-1.4	0.9	-0.5	0.2	0.0	-	-2.8	1.4	0.4	-2.1	-2.0	0.4	-0.5	-1.2
Steelers
7.3
0.2
0.6	-0.7	-0.3	1.2	-1.0	-0.6	-	0.1	-2.1	-0.7	0.3	-0.5	-1.5	1.0	-1.2	-0.4	-0.6
Browns
9.1
-1.1
0.5	-1.7	-1.9	-1.5	-1.2	-2.2	-0.5	0.1	-	-0.4	0.6	1.6	0.1	-1.8	0.0	-0.6	-0.6
Dolphins
6.1
0.5
0.4	0.9	0.3	-	-2.2	-1.6	2.3	0.1	-0.5	-1.9	-0.9	-0.3	-0.3	0.6	0.0	-0.2	0.1
Saints
8.5
0.9
0.4	1.9	1.5	-0.1	-2.2	-	0.4	1.9	-0.6	-0.3	1.0	0.4	0.6	1.1	1.7	0.5	1.1
Chiefs
9.7
0.4
0.4	-0.1	-	0.8	-0.5	-1.2	-1.9	1.7	0.0	-0.3	-2.0	-0.4	-2.3	-2.3	1.2	-0.5	-1.1
Eagles
7.0
-0.5
0.2	-2.3	-0.5	0.7	1.4	1.4	0.2	-	-2.1	2.1	0.2	-0.2	0.3	0.2	-2.4	-0.1	-0.6
Chargers
7.5
0.2
0.1	0.0	0.2	0.5	-	-1.8	1.1	-2.0	-1.1	-0.7	1.0	-0.1	-1.3	0.5	1.5	-0.2	0.2
Texans
8.9
0.1
0.0	2.5	-1.6	-0.7	1.0	-	0.9	-1.4	0.5	-0.8	-2.5	1.1	0.3	-2.3	-1.1	-0.3	-1.0
Colts
7.9
-0.1
-0.1	2.1	-2.5	0.0	0.8	-0.7	2.7	1.9	0.7	1.4	-	-2.3	-1.4	1.2	-0.9	0.2	-0.4
Titans
6.4
-0.3
-0.1	-1.7	0.2	0.4	-0.5	0.4	-	-0.1	2.4	-0.4	2.0	2.8	0.0	0.3	-1.8	0.3	-0.5
Falcons
8.5
0.0
-0.1	-0.5	-0.5	1.1	-0.8	1.4	0.4	1.7	-	1.0	3.7	-0.6	1.6	2.4	0.5	0.8	1.5
Raiders
7.8
0.6
-0.2	2.0	-1.2	1.8	-0.4	-1.4	-1.8	1.7	-0.4	-0.5	-	2.7	1.2	1.0	1.4	0.4	1.2
Buccaneers
6.2
0.2
-0.4	0.4	2.4	-1.6	0.7	1.7	-0.4	-	3.1	0.7	1.5	-1.9	-0.3	2.1	-2.1	0.4	-0.1
49ers
9.8
0.0
-0.4	-0.8	-0.4	1.7	1.8	-	-0.4	2.0	1.0	0.0	-0.3	-2.3	1.2	0.1	-2.0	0.1	-0.2
Lions
8.1
0.3
-0.7	0.8	0.7	-	1.3	1.7	0.9	-1.8	2.4	1.0	2.3	0.2	1.0	1.1	-0.2	0.8	0.6
Commanders
7.3
-0.8
-0.8	0.3	0.0	-2.7	-	-2.1	-2.2	-0.3	-0.3	0.2	-1.9	-0.2	1.2	0.6	-1.0	-0.7	0.3
Patriots
7.4
-1.0
-0.9	-0.8	-0.5	-1.9	-0.7	0.4	-0.1	2.9	-	1.3	0.1	0.6	-0.1	-2.7	-0.7	-0.2	-1.2
Panthers
8.7
-0.6
-1.4	2.3	-	-2.7	1.4	-0.7	-0.9	-0.5	-1.7	0.1	0.3	-0.9	0.1	-2.6	-0.3	-0.5	-0.9
Giants
10.1
0.1
-1.5	0.6	1.7	-0.5	0.8	-	-2.3	2.3	0.1	0.3	-2.0	0.2	-0.3	2.6	2.1	0.3	1.5
Rams
10.9
-0.7
-1.5	-2.3	0.5	0.7	0.0	1.5	1.7	0.3	-	0.6	1.7	-2.5	2.3	-0.3	0.9	0.3	1.0
Cardinals
10.8
0.3
-1.6	0.1	3.6	-1.1	0.4	2.6	0.5	-1.0	1.0	3.2	-0.4	-	-0.8	0.0	0.7	0.5	0.0
Broncos
7.1
-0.5
-1.8	-2.1	1.3	0.4	0.7	0.8	0.6	-	-0.3	-2.1	1.3	-1.9	0.0	0.1	-1.6	-0.3	-0.5
Jaguars
7.7
-0.6
-1.9	0.2	-1.7	1.0	-	-0.1	-1.6	-1.3	-0.1	-0.8	-0.4	-2.0	0.8	2.2	2.2	-0.2	1.8
Cowboys
7.9
0.4
-1.9	0.9	2.6	0.1	-2.3	1.2	0.3	-0.9	0.2	-0.5	-0.2	-	-1.3	0.9	1.5	0.1	0.4
Bengals
8.6
-0.6
-2.4	-0.1	0.7	-	-2.0	-0.6	2.4	-1.8	1.3	-0.5	-0.7	0.8	0.7	0.3	-1.3	-0.2	-0.1
Bears
10.3
-1.5
-3.4	-2.5	-1.2	1.1	-2.6	-1.2	0.7	-	-1.3	2.2	-0.9	-0.1	-1.5	-0.6	1.8	-0.7	-0.1
