Player/Team
5
6
7
8
9
10
11
12
13
14
15
16
17
AVG
Playoffs
Texans	10.1	2.8	5.7	-	7.2	7.5	4.4	6.1	6.6	6.8	2.7	6.2	8.1	6.2	5.7
Jaguars	9.7	6.9	-	6.4	5.7	7.5	4.6	7.8	2.9	7.7	5.4	3.2	7.0	6.2	5.2
Bengals	9.1	-	6.3	8.2	6.4	7.6	8.8	5.8	6.6	5.5	4.3	4.5	5.7	6.6	4.8
Cowboys	8.9	6.7	10.5	7.7	3.7	2.0	6.9	7.9	5.4	-	4.4	2.9	5.0	6.0	4.1
Jets	8.2	5.3	7.0	5.0	3.9	3.8	5.9	5.4	-	5.0	5.6	5.9	7.2	5.7	6.2
Commanders	8.1	2.8	-	7.3	3.9	4.2	5.1	6.2	5.4	5.0	3.9	6.2	3.2	5.1	4.4
Browns	7.6	6.3	7.0	6.1	4.3	6.4	-	5.8	5.6	5.6	4.5	5.6	4.8	5.8	5.0
Bears	7.5	5.4	6.7	7.2	10.0	-	6.3	5.1	5.3	8.1	5.3	7.3	5.5	6.7	6.1
Broncos	7.5	3.9	6.1	3.9	4.1	-	5.8	4.4	7.1	6.2	4.0	3.7	5.3	5.2	4.3
Vikings	7.3	-	5.0	3.4	5.3	7.1	3.5	4.9	4.7	4.6	5.1	6.4	7.2	5.4	6.2
Saints	7.1	5.1	6.2	-	7.2	3.6	3.2	5.1	6.2	4.5	8.5	6.9	3.8	5.6	6.4
Falcons	6.8	3.5	2.6	8.6	4.4	4.5	-	7.9	4.5	6.7	6.4	8.1	4.4	5.7	6.3
Steelers	6.7	8.6	5.4	8.0	-	5.4	8.0	5.1	5.6	4.9	6.6	4.9	6.2	6.3	5.9
Patriots	6.5	8.8	3.2	7.5	7.1	4.5	-	6.7	4.6	7.4	6.0	7.0	5.7	6.2	6.2
Giants	6.4	5.8	4.4	-	8.0	6.5	3.3	3.7	2.8	3.5	6.5	4.8	2.3	4.8	4.5
Raiders	6.1	3.2	4.4	7.8	3.0	4.2	5.4	6.6	-	7.3	6.0	6.6	6.6	5.6	6.4
Colts	5.9	7.4	7.4	2.6	3.6	6.8	4.1	5.4	-	7.5	6.3	4.7	6.1	5.7	5.7
Lions	5.7	-	6.3	8.0	6.1	6.5	8.1	2.2	2.8	6.3	6.3	5.9	2.4	5.6	4.9
Chargers	5.7	3.9	-	4.2	5.0	7.1	7.2	6.1	7.7	4.7	3.2	6.1	4.7	5.5	4.7
Seahawks	5.5	5.7	5.4	5.7	9.0	5.3	-	2.8	6.0	6.6	8.2	5.7	4.7	5.9	6.2
Titans	5.4	4.1	7.1	4.9	-	3.4	2.9	3.5	6.9	3.5	5.0	4.6	6.1	4.8	5.3
49ers	4.8	10.0	4.2	-	7.1	3.8	9.4	6.0	5.9	5.6	6.3	4.3	8.2	6.3	6.3
Rams	4.5	9.9	6.2	9.4	8.5	8.9	-	7.9	5.1	4.2	4.8	5.9	9.3	7.0	6.7
Packers	3.9	2.7	3.3	3.7	6.0	6.9	-	4.3	4.3	3.8	6.2	3.9	6.9	4.7	5.7
Ravens	3.6	7.2	4.8	3.4	2.7	9.0	4.6	5.0	-	8.0	5.8	6.9	4.1	5.4	5.6
Dolphins	3.6	-	6.8	5.8	3.3	3.6	3.5	7.5	3.5	2.5	4.7	6.6	3.4	4.6	4.9
Eagles	2.8	3.1	3.0	5.3	3.8	-	5.9	2.3	5.2	3.8	3.2	4.1	2.7	3.8	3.3
Bills	2.4	5.7	-	7.0	10.5	8.1	8.0	5.0	6.7	7.0	4.0	5.5	6.9	6.4	5.5
Buccaneers	1.8	6.2	4.2	4.3	3.2	-	3.7	5.0	6.9	5.7	4.7	4.3	4.8	4.6	4.6
Cardinals	1.3	2.2	3.0	1.5	3.1	3.2	3.7	4.4	6.2	-	5.3	3.9	3.5	3.5	4.3
Chiefs	-	8.1	5.5	6.7	8.2	4.7	7.9	4.8	4.6	5.5	7.7	4.0	6.2	6.2	6.0
Panthers	-	8.3	9.2	6.4	6.5	3.9	6.6	10.1	7.3	4.5	5.2	5.9	5.0	6.6	5.4
Player/Team
5
6
7
8
9
10
11
12
13
14
15
16
17
AVG
Playoffs
Brandon Aubrey | DAL	10.3	6.6	7.7	10.0	8.4	7.9	8.5	8.6	8.3	-	8.7	7.9	7.7	8.5	8.1
Will Reichard | MIN	9.8	-	9.0	7.4	7.8	9.6	7.0	8.0	8.5	5.6	9.0	10.4	7.9	8.3	9.1
Evan McPherson | CIN	9.6	-	7.7	8.3	7.8	7.9	8.0	8.7	10.6	7.7	6.1	7.5	8.7	8.2	7.4
Harrison Mevis | LAR	9.5	11.2	7.7	8.4	7.8	8.7	-	8.6	7.5	9.0	8.4	7.9	9.3	8.8	8.6
Tyler Loop | BAL	9.5	9.7	7.9	7.1	6.8	7.6	7.5	8.1	-	11.0	7.4	9.3	5.0	8.2	7.3
Wil Lutz | DEN	9.4	7.0	7.8	6.4	6.5	-	7.4	7.1	6.8	7.3	7.5	7.6	7.2	7.4	7.4
Nick Folk | ATL	9.4	6.8	6.9	8.4	6.2	6.8	-	9.8	9.3	8.6	8.8	10.6	8.9	8.4	9.4
Spencer Shrader | IND	9.4	8.7	7.7	7.5	7.1	8.1	5.8	8.0	-	9.1	9.9	7.3	9.4	8.3	8.8
Daniel Carlson | NO	9.3	7.1	8.0	-	8.9	8.9	7.7	7.3	7.4	8.2	8.1	7.7	8.9	8.2	8.2
Jake Bates | DET	9.2	-	8.8	8.9	7.4	6.8	8.9	9.2	8.8	9.1	8.6	7.6	7.2	8.4	7.8
Ka'imi Fairbairn | HOU	9.1	7.2	7.0	-	8.2	9.1	7.0	9.1	8.1	9.0	8.3	7.5	7.7	8.1	7.8
Jason Sanders | NYJ	8.9	8.5	8.4	8.3	7.5	8.5	9.0	8.3	-	7.0	8.6	8.0	4.4	8.1	7.0
Eddy Pineiro | SF	8.9	8.0	8.9	-	7.4	8.9	9.8	9.4	6.7	9.2	7.5	9.1	8.3	8.5	8.3
Cameron Dicker | LAC	8.9	5.6	-	7.2	8.3	6.7	9.7	8.4	8.4	8.3	5.7	7.3	7.5	7.7	6.8
Chris Boswell | PIT	8.8	10.4	7.1	9.0	-	7.0	8.1	7.4	8.3	7.0	8.3	7.3	9.1	8.2	8.3
Cam Little | JAC	8.7	9.6	-	7.9	7.7	7.1	7.2	9.0	8.0	8.5	9.6	9.0	8.5	8.4	9.0
Dominic Zvada | NYG	8.7	7.6	7.1	-	7.9	7.3	8.7	8.1	7.4	7.3	8.5	8.8	5.6	7.8	7.7
Matt Gay | LV	8.7	7.8	7.3	6.8	6.8	7.8	6.9	6.9	-	7.9	7.9	8.3	7.7	7.7	8.0
Jason Myers | SEA	8.6	7.5	7.0	7.4	9.1	8.1	-	7.8	7.6	6.3	7.8	8.1	7.9	7.9	8.0
Andres Borregales | NE	8.6	7.7	5.6	6.6	7.4	7.5	-	8.5	7.2	8.2	6.4	8.9	8.4	7.6	7.9
Tyler Bass | BUF	8.5	9.5	-	7.6	9.3	8.6	7.6	8.6	7.5	7.8	7.7	6.8	8.1	8.2	7.6
Chase McLaughlin | TB	8.4	7.9	6.4	6.9	6.4	-	7.1	6.8	8.7	6.9	7.7	7.2	6.5	7.3	7.1
Andre Szmyt | CLE	8.3	7.8	9.2	8.0	7.4	8.4	-	8.1	7.1	7.0	7.0	7.2	7.7	7.9	7.3
Cairo Santos | CHI	8.1	8.0	7.3	7.7	10.3	-	8.0	9.2	7.7	8.6	8.6	7.6	8.8	8.4	8.4
Joey Slye | TEN	8.0	8.8	8.1	6.4	-	6.9	6.7	7.0	8.6	7.7	7.8	8.3	7.6	7.7	7.9
Chad Ryland | ARI	8.0	7.2	9.0	7.1	7.0	7.5	6.1	8.3	9.0	-	8.8	7.4	8.1	7.9	8.1
Trey Smack | GB	7.5	7.3	7.6	5.8	7.1	7.0	-	8.4	7.7	7.6	7.7	7.2	9.2	7.5	8.0
Riley Patterson | MIA	7.2	-	7.6	7.3	6.6	8.8	5.9	8.6	7.6	7.2	8.3	8.5	6.9	7.5	7.9
Jake Elliott | PHI	7.1	5.9	6.0	7.5	7.2	-	7.2	7.1	9.9	7.4	6.8	5.4	5.6	7.0	5.9
Drew Stevens | WAS	6.1	6.7	-	8.0	7.8	6.8	7.2	9.2	7.1	9.1	6.9	5.7	5.7	7.2	6.1
Harrison Butker | KC	-	7.7	6.9	7.4	7.5	7.3	7.9	7.7	6.2	8.0	8.2	6.6	8.4	7.4	7.7
Ryan Fitzgerald | CAR	-	8.8	9.2	7.7	7.6	9.9	8.7	8.2	5.9	8.5	7.8	6.8	9.3	8.2	7.9
Player/Team
5
6
7
8
9
10
11
12
13
14
15
16
17
AVG
Playoffs
Jared Goff | DET	20.5	-	15.9	16.3	16.8	15.9	16.6	14.7	16.3	16.6	15.6	15.3	15.2	16.3	15.4
Josh Allen | BUF	20.4	19.3	-	17.5	16.9	17.2	16.9	17.4	18.0	17.3	16.1	18.1	18.1	17.8	17.5
Dak Prescott | DAL	20.3	18.6	15.2	19.0	16.9	17.0	18.2	18.6	15.8	-	16.9	16.8	18.4	17.6	17.4
Matthew Stafford | LAR	19.7	19.0	18.7	17.8	18.1	18.0	-	17.3	17.2	16.2	17.2	17.0	16.8	17.7	17.0
Trevor Lawrence | JAC	17.5	20.0	-	17.7	18.9	17.2	18.2	18.2	17.0	17.1	19.4	18.8	17.8	18.1	18.6
Drake Maye | NE	17.4	16.7	13.9	16.1	16.8	18.7	-	16.6	14.7	16.3	14.0	16.2	16.1	16.1	15.4
Joe Burrow | CIN	17.4	-	14.8	16.9	17.9	16.5	15.6	16.8	15.3	15.9	16.6	16.2	16.3	16.4	16.4
Jacoby Brissett | ARI	16.9	11.7	13.3	13.3	11.3	12.8	12.6	13.5	14.6	-	13.8	15.0	14.2	13.6	14.4
Tyler Shough | NO	16.3	15.2	15.7	-	17.1	16.9	15.1	15.4	16.6	16.3	16.0	17.2	17.1	16.2	16.8
Bo Nix | DEN	16.1	14.6	17.4	14.0	15.5	-	14.8	15.6	15.8	15.8	15.6	14.8	15.2	15.4	15.2
Brock Purdy | SF	16.1	18.3	18.9	-	19.2	20.1	19.4	18.6	19.4	18.2	19.1	17.8	18.5	18.6	18.5
Michael Penix | ATL	16.1	15.4	16.7	15.3	15.8	16.3	-	16.1	16.6	16.4	16.6	17.1	17.2	16.3	17.0
Jayden Daniels | WAS	15.9	11.1	-	15.1	13.9	14.5	12.8	16.7	13.8	16.1	14.3	14.3	15.3	14.5	14.6
Kyler Murray | MIN	15.9	-	13.7	15.2	12.5	15.5	13.6	14.3	15.0	14.3	16.3	16.3	15.5	14.8	16.0
C.J. Stroud | HOU	15.8	13.2	17.3	-	16.7	15.4	17.0	17.1	16.8	16.7	14.7	17.1	14.2	16.0	15.3
Jordan Love | GB	15.8	14.0	14.5	14.1	12.9	12.8	-	13.6	15.1	13.6	14.7	13.6	14.1	14.1	14.1
Sam Darnold | SEA	15.6	16.7	16.7	13.0	17.3	17.7	-	15.2	15.6	17.7	17.5	15.0	17.1	16.2	16.5
Jalen Hurts | PHI	15.2	13.4	12.2	14.7	13.8	-	14.1	15.2	15.3	13.8	15.8	16.3	14.4	14.5	15.5
Jackson / Huntley | BAL	15.0	14.6	13.7	14.5	15.0	14.5	16.0	16.5	-	16.1	15.1	15.6	15.7	15.2	15.5
Aaron Rodgers | PIT	14.8	14.9	16.6	15.1	-	14.3	15.4	15.4	15.5	12.6	15.1	15.6	15.7	15.1	15.5
Deshaun Watson | CLE	13.9	13.2	15.3	14.7	15.7	16.4	-	15.3	14.4	15.0	16.0	15.5	14.7	15.0	15.4
Geno Smith | NYJ	13.9	11.8	12.7	13.6	13.0	12.1	13.9	14.0	-	14.1	15.6	14.1	14.1	13.6	14.6
Tyson Bagent | CHI	13.9	17.4	16.6	15.7	18.0	-	18.1	19.0	17.4	18.3	17.8	17.0	17.4	17.2	17.4
Kirk Cousins | LV	13.7	14.3	15.4	16.0	14.4	14.8	14.8	14.7	-	16.2	17.0	16.3	16.8	15.4	16.7
Justin Herbert | LAC	13.5	11.8	-	13.4	15.8	12.1	15.2	14.5	13.9	14.0	14.2	14.3	14.4	13.9	14.3
Jalon Daniels | TB	13.5	12.7	12.1	12.5	11.2	-	13.8	12.7	14.1	13.1	13.3	14.3	13.6	13.1	13.8
Daniel Jones | IND	12.9	16.3	16.0	12.2	16.2	16.5	15.3	16.0	-	16.0	16.0	15.5	15.7	15.4	15.7
Jameis Winston | NYG	12.9	17.4	16.1	-	16.4	17.5	16.7	17.0	16.9	17.3	17.7	17.3	17.4	16.7	17.5
Malik Willis | MIA	12.8	-	13.8	13.2	14.6	13.8	12.8	14.7	14.5	13.8	15.0	15.0	14.3	14.0	14.8
Cam Ward | TEN	10.1	12.1	12.6	12.3	-	11.6	14.1	11.0	14.2	14.7	13.6	14.6	14.1	12.9	14.1
Bryce Young | CAR	-	17.1	16.5	17.4	17.4	17.5	16.2	15.2	16.7	17.0	17.1	17.5	16.6	16.9	17.1
Patrick Mahomes | KC	-	15.7	16.1	16.0	16.6	16.6	16.7	15.8	16.3	15.7	14.7	16.4	16.9	16.1	16.0
Player/Team
Baseline
Next 4
5
6
7
8
9
10
11
12
13
14
15
16
17
AVG
Playoffs
Lions
24.8
2.1
5.6	-	0.3	0.5	-3.1	-2.9	-0.5	-1.8	-0.2	0.0	-1.3	-2.4	-3.2	-0.7	-2.3
Cardinals
17.0
1.0
3.6	-0.9	0.9	0.3	-2.8	0.3	-3.1	1.0	2.4	-	0.5	1.2	1.5	0.4	1.0
Cowboys
28.6
0.6
3.4	-1.3	-3.2	3.4	-1.3	-0.6	0.8	1.8	-5.0	-	-1.0	0.1	1.1	-0.2	0.1
Buccaneers
21.2
-0.2
1.2	-1.2	-0.9	0.1	-3.0	-	2.0	-2.3	0.7	-0.1	-0.2	2.7	0.2	-0.1	0.9
Falcons
20.4
-0.2
1.0	-0.8	0.8	-1.7	-2.4	-0.2	-	0.0	2.2	-1.3	-0.6	1.0	1.5	0.0	0.6
Broncos
21.5
0.3
0.8	-1.1	3.7	-2.3	-0.7	-	-0.1	-1.3	-0.7	-0.7	0.5	0.4	-0.6	-0.2	0.1
Vikings
18.6
0.8
0.3	-	0.1	2.1	-1.3	-0.6	-2.1	1.6	1.9	-1.2	3.8	3.7	-0.7	0.6	2.3
Chargers
19.8
-1.0
0.3	-3.3	-	0.0	1.8	-3.4	1.3	1.3	-1.0	0.5	0.8	-1.6	0.7	-0.2	0.0
Rams
25.0
1.1
0.3	3.7	0.1	0.4	-1.3	1.0	-	-0.2	-1.2	-3.5	0.8	-1.9	-2.6	-0.4	-1.2
Jets
19.7
-1.0
0.2	-2.0	-2.0	-0.3	-2.2	-0.2	1.2	-1.9	-	0.9	4.3	0.4	0.6	-0.1	1.8
Commanders
22.9
-1.2
0.1	-4.7	-	1.0	-0.4	-1.3	-3.4	4.1	-0.8	0.9	1.1	1.6	-0.1	-0.1	0.9
Ravens
21.3
-2.1
0.1	-2.9	-3.2	-2.6	-2.4	-3.7	-1.6	0.1	-	-1.4	-2.6	-1.2	-2.4	-2.0	-2.1
Jaguars
25.8
1.2
0.0	3.6	-	-0.1	0.1	-1.0	-0.6	-0.1	-2.7	-2.3	3.0	2.3	0.9	0.3	2.0
Patriots
24.2
-1.3
-0.2	-0.3	-3.0	-1.8	-0.2	2.8	-	1.2	-0.2	0.4	-4.6	-0.7	1.2	-0.4	-1.4
Saints
22.9
-1.9
-0.5	-3.0	-2.1	-	1.1	2.0	-2.9	-2.7	0.9	-0.8	-1.4	3.6	1.9	-0.3	1.4
Steelers
20.7
-0.4
-0.9	-0.7	0.0	-0.1	-	-2.1	0.4	1.0	0.9	-3.1	1.1	1.4	0.2	-0.2	0.9
Eagles
21.7
-0.9
-0.9	-0.4	-2.3	0.0	-1.1	-	-0.4	1.9	3.6	-0.4	0.4	1.9	-0.2	0.2	0.7
Seahawks
28.2
-1.9
-0.9	-0.3	-1.7	-4.7	2.1	1.0	-	-2.7	-2.1	0.4	0.5	-0.7	-0.3	-0.8	-0.2
Browns
16.9
-1.2
-1.1	-1.0	-0.8	-1.8	0.6	0.0	-	0.0	-0.4	1.3	-1.0	0.0	-0.1	-0.4	-0.4
Bills
23.1
-0.4
-1.3	0.7	-	-0.8	-2.2	-2.7	-2.4	-2.2	-2.1	-1.9	-3.0	-0.7	-2.4	-1.7	-2.0
Colts
21.4
-0.1
-1.5	2.2	1.4	-2.5	2.9	1.2	1.1	2.0	-	0.4	-0.6	1.3	-0.2	0.6	0.1
Packers
23.9
0.0
-1.8	0.0	1.9	0.0	-1.7	-2.0	-	0.2	0.9	0.0	-0.7	-1.4	-1.5	-0.5	-1.2
Giants
19.0
0.4
-1.9	1.2	1.8	-	0.9	1.5	-0.2	0.6	-0.6	-0.5	1.1	1.1	2.3	0.6	1.5
Raiders
16.8
-0.7
-2.2	0.3	0.7	-1.5	-3.1	0.5	-1.7	-2.3	-	1.3	2.3	1.9	3.1	-0.1	2.4
Titans
21.3
-1.1
-2.2	-0.1	-0.4	-1.4	-	-0.3	2.5	-0.8	1.8	3.4	-0.1	2.5	1.1	0.5	1.2
Texans
23.9
-1.0
-2.2	-2.5	1.7	-	0.8	-1.6	1.0	1.8	-0.8	-0.2	0.1	0.6	-3.3	-0.4	-0.8
Bengals
26.6
-0.9
-2.4	-	-0.6	0.1	2.7	-0.4	-2.4	0.0	-0.6	-1.2	-0.4	0.8	0.6	-0.3	0.3
Dolphins
20.1
-1.1
-2.5	-	-0.5	-0.2	2.0	1.3	-0.2	0.4	0.8	-0.2	0.9	2.0	1.7	0.4	1.5
Bears
24.2
-1.6
-3.3	1.6	-1.0	-3.5	-0.6	-	-0.7	2.0	-0.6	-2.1	-1.2	-0.7	0.7	-0.8	-0.4
49ers
23.3
-1.4
-3.6	-1.8	1.3	-	-1.0	1.2	0.4	-1.3	-1.7	-1.2	0.5	-3.1	0.1	-0.8	-0.8
Chiefs
23.0
-1.3
-	-0.7	-2.0	-1.1	-1.6	0.6	0.7	-1.7	-0.6	-2.9	-3.5	-1.1	0.6	-1.1	-1.3
Panthers
19.2
0.1
-	0.4	0.1	-0.3	1.1	1.8	0.0	-3.3	1.4	0.2	0.2	0.2	0.7	0.2	0.4
Player/Team
Baseline
Next 4
5
6
7
8
9
10
11
12
13
14
15
16
17
AVG
Playoffs
Vikings
17.6
0.9
2.4	-	0.0	0.2	0.4	2.3	-0.2	-0.8	1.0	-0.1	1.5	1.7	2.0	0.9	1.7
Browns
19.1
0.6
2.0	0.0	0.3	0.0	1.7	-0.5	-	1.0	-0.6	-0.8	-0.3	-0.4	-0.1	0.2	-0.3
Bengals
18.4
0.8
1.5	-	-0.2	1.0	-0.2	1.0	0.1	2.6	-0.9	-0.4	0.0	-0.3	0.7	0.4	0.1
Rams
22.1
1.2
1.4	1.6	0.6	1.3	0.4	0.7	-	2.7	-0.2	-0.5	0.7	-0.2	-0.2	0.7	0.1
Commanders
17.8
0.7
1.3	-0.7	-	1.4	-1.6	-0.7	-1.2	1.1	0.0	-0.6	-1.1	-1.0	-2.5	-0.5	-1.6
Broncos
20.8
0.4
1.1	0.2	1.4	-0.9	-0.2	-	1.1	0.2	1.7	1.8	0.4	0.6	-0.1	0.6	0.3
Jaguars
22.1
1.2
1.1	1.4	-	1.0	0.9	0.8	0.1	1.5	-2.0	1.6	0.9	1.2	1.8	0.9	1.3
Patriots
19.6
0.4
1.0	2.7	-2.6	0.6	2.6	0.9	-	0.7	0.3	-0.7	-1.4	1.5	0.8	0.5	0.3
Seahawks
19.8
-0.2
1.0	0.3	-0.1	-2.0	1.8	1.0	-	-0.4	0.8	0.6	1.6	-1.0	0.2	0.3	0.2
Lions
23.8
1.0
1.0	-	2.7	-0.6	0.5	-0.6	0.4	-2.2	-1.5	0.8	-1.8	-0.4	-3.1	-0.4	-1.8
Cardinals
18.5
-0.4
0.9	-2.3	0.2	-0.5	-1.2	-1.8	-1.6	0.1	1.7	-	1.9	1.3	0.6	-0.1	1.3
Cowboys
22.1
1.2
0.8	2.0	0.6	1.4	-0.8	0.3	1.0	1.9	-1.0	-	-2.0	-1.9	0.4	0.2	-1.2
Steelers
19.4
0.8
0.7	0.0	2.7	-0.3	-	-1.6	1.0	0.9	0.0	-2.5	0.6	0.9	0.5	0.3	0.7
Bears
25.2
0.0
0.7	-0.9	0.5	-0.3	0.8	-	2.8	0.9	-1.3	1.3	0.4	2.9	1.2	0.7	1.5
Texans
18.7
-0.5
0.6	-2.8	0.9	-	1.2	-1.0	0.6	1.2	0.5	0.6	-1.8	1.4	2.1	0.3	0.6
Falcons
29.4
0.0
0.0	-1.3	1.1	0.3	-1.2	0.0	-	-0.9	1.4	-0.7	0.5	1.2	3.0	0.3	1.6
Buccaneers
17.6
-0.5
-0.1	0.2	-0.5	-1.6	-2.6	-	-0.3	-0.1	1.0	-0.5	1.9	-1.3	-1.7	-0.5	-0.4
Chargers
20.7
-1.2
-0.1	-1.5	-	-2.0	-0.2	-0.8	2.6	0.8	-0.4	0.3	0.4	0.7	-0.4	0.0	0.3
Colts
22.9
-0.6
-0.3	1.5	-0.8	-2.9	1.4	2.2	-0.3	0.8	-	1.4	0.4	-0.1	-0.8	0.2	-0.2
Jets
17.7
0.1
-0.4	-0.7	0.7	0.7	-1.1	0.1	0.7	0.5	-	0.6	1.0	0.3	-0.7	0.1	0.2
Raiders
20.4
0.4
-0.4	0.9	-0.8	1.9	-0.6	0.7	-0.1	-1.3	-	1.8	1.7	1.6	1.4	0.6	1.6
Packers
16.7
-0.3
-0.9	0.1	-0.2	-0.2	-0.6	-1.5	-	-2.1	1.3	-0.1	1.0	-2.4	-0.9	-0.5	-0.8
Giants
19.0
1.0
-1.0	3.8	0.1	-	2.1	2.0	-1.0	0.4	1.3	0.5	0.6	1.4	1.2	0.9	1.1
Dolphins
19.1
0.5
-1.1	-	2.1	0.4	0.9	-0.2	-0.2	2.4	0.4	-1.6	2.5	1.3	0.9	0.7	1.6
Titans
18.1
-1.1
-1.4	-0.7	-0.9	-1.4	-	-2.1	0.1	-2.6	0.4	0.1	-0.3	0.7	0.7	-0.6	0.3
49ers
23.7
-0.4
-1.5	1.1	-0.8	-	1.2	0.6	-0.2	0.5	-0.5	-1.2	1.1	-1.2	1.6	0.0	0.5
Saints
19.1
-1.0
-1.7	-1.3	0.0	-	0.1	1.1	-2.7	-1.8	3.2	-0.2	-0.2	1.8	-1.0	-0.2	0.2
Ravens
22.9
-1.5
-1.7	-1.8	-1.7	-0.9	-2.9	0.6	-0.7	-1.2	-	0.1	-0.3	-0.7	-1.9	-1.1	-1.0
Bills
22.1
-0.3
-1.8	0.6	-	0.4	-1.3	1.5	1.3	-0.6	-0.2	2.1	-2.2	0.1	0.7	0.0	-0.5
Eagles
16.7
-0.6
-1.9	-0.1	-0.1	-0.2	-0.4	-	0.4	0.0	0.3	-0.5	0.1	-0.4	0.0	-0.2	-0.1
Panthers
19.6
2.2
-	1.8	1.5	3.1	1.7	2.9	1.2	0.4	-0.5	3.2	0.2	1.3	1.4	1.5	1.0
Chiefs
22.9
0.4
-	1.3	-0.4	0.3	2.2	-1.0	1.2	0.1	-1.9	-1.6	0.2	0.5	1.1	0.2	0.6
Player/Team
Baseline
Next 4
5
6
7
8
9
10
11
12
13
14
15
16
17
AVG
Playoffs
Lions
11.4
1.1
2.2	-	0.6	0.4	0.0	-1.4	0.8	-0.7	-0.1	0.2	-0.2	0.2	-1.2	0.1	-0.4
Cardinals
12.0
0.7
1.8	-0.6	0.7	0.8	-0.6	-0.1	-0.1	1.3	0.8	-	0.5	1.0	1.0	0.5	0.8
Cowboys
9.9
0.0
1.3	-0.8	-1.4	0.9	-1.2	-1.2	-0.4	-0.4	-1.6	-	-1.6	-1.0	-0.2	-0.7	-1.0
Vikings
9.5
0.8
0.9	-	0.2	1.3	0.4	0.6	-0.8	0.9	1.5	-0.6	2.0	2.2	0.2	0.7	1.5
Rams
11.5
1.1
0.9	2.1	0.7	0.6	0.6	1.1	-	0.7	0.8	-1.2	1.1	-0.2	0.3	0.6	0.4
Buccaneers
6.3
-0.2
0.4	-0.8	-0.1	-0.4	-1.5	-	0.9	0.2	0.0	-0.7	0.0	0.5	-0.8	-0.2	-0.1
Giants
10.0
0.9
0.4	1.3	0.8	-	0.5	1.7	0.1	0.7	0.0	0.5	1.3	2.2	1.8	0.9	1.8
Chargers
7.1
-0.2
0.3	-0.4	-	-0.6	0.4	-0.8	0.6	0.0	0.4	0.4	0.0	0.4	1.0	0.1	0.4
Jets
10.0
-0.3
0.2	-1.4	0.1	-0.2	-0.3	-0.6	0.2	0.1	-	0.1	1.5	-0.7	0.0	-0.1	0.3
Ravens
10.3
-0.4
0.1	-0.4	-0.3	-0.9	-1.0	-0.3	0.2	0.0	-	0.5	-0.9	0.1	-0.1	-0.2	-0.3
Broncos
9.0
0.1
0.0	-0.6	1.3	-0.4	-0.2	-	-0.2	-1.1	0.4	-0.6	0.0	-0.6	-1.1	-0.3	-0.6
Falcons
9.7
-0.1
0.0	-0.5	-0.2	0.1	-0.5	0.6	-	0.0	1.1	-0.3	0.3	1.0	0.7	0.2	0.7
Patriots
6.6
-0.4
-0.1	-0.3	-1.5	0.1	0.0	1.2	-	0.2	-0.6	-0.1	-0.3	-0.5	0.2	-0.1	-0.2
Saints
11.6
-0.8
-0.1	-1.1	-1.2	-	0.6	0.9	-1.5	-0.7	0.5	-0.1	0.1	1.3	0.3	-0.1	0.6
Jaguars
9.5
0.3
-0.2	1.2	-	0.0	-0.2	-0.2	0.0	0.1	-1.1	-0.1	0.9	1.3	1.0	0.2	1.1
Commanders
7.0
-0.8
-0.2	-1.7	-	-0.5	-1.2	-0.8	-0.3	1.4	-0.7	-0.5	-0.3	0.2	-0.9	-0.5	-0.4
Bills
10.0
0.0
-0.3	0.7	-	-0.5	0.3	-0.7	0.3	0.1	-1.1	-0.3	-1.2	-0.1	0.2	-0.2	-0.4
Bengals
10.0
-0.7
-0.5	-	-1.2	-0.5	0.2	-1.0	0.0	-0.2	-0.5	-0.3	-0.3	-0.4	-0.8	-0.5	-0.5
Seahawks
7.5
-0.5
-0.7	-0.1	0.1	-1.1	1.1	0.6	-	-1.4	0.4	0.2	-0.3	-0.9	0.2	-0.2	-0.4
Browns
11.7
-0.9
-0.7	-1.1	-0.6	-1.3	0.2	-0.7	-	-0.2	-0.1	-0.2	-0.7	-0.8	-0.6	-0.6	-0.7
Dolphins
6.1
-0.7
-0.8	-	-0.5	-0.9	0.7	0.0	-0.7	-0.2	0.0	-0.7	0.2	0.3	-0.1	-0.2	0.1
Bears
10.6
-0.3
-0.8	0.5	-0.7	-0.2	0.8	-	0.2	1.3	-0.5	0.4	-0.5	0.1	0.8	0.1	0.1
Colts
8.1
-0.2
-0.9	0.8	0.6	-1.3	1.4	1.4	0.0	0.8	-	-0.4	-0.3	0.9	0.1	0.3	0.3
Texans
9.7
-0.5
-0.9	-1.5	0.7	-	0.1	-0.3	0.2	0.2	-0.7	0.4	-0.4	-0.4	-0.2	-0.2	-0.3
Packers
8.5
0.1
-1.0	0.2	0.9	0.3	-1.2	-0.8	-	-0.7	0.5	-0.5	0.5	-0.9	-0.2	-0.2	-0.2
Steelers
12.3
-0.3
-1.0	0.0	-0.2	-0.2	-	-0.8	-0.9	-0.1	-0.6	-1.3	-0.5	0.3	-0.5	-0.5	-0.3
Eagles
5.3
-0.1
-1.1	0.1	0.0	0.4	-0.6	-	-0.7	0.7	1.2	-0.6	-0.1	-0.1	-0.8	-0.1	-0.3
Raiders
17.9
-0.5
-1.2	-0.1	-0.3	-0.5	-1.4	0.4	-0.5	-0.4	-	0.5	1.0	0.7	1.4	0.0	1.0
49ers
13.6
-0.4
-1.5	0.3	-0.1	-	-0.6	0.4	-0.1	-0.7	-0.9	-1.4	-0.3	-0.8	-0.8	-0.5	-0.6
Titans
6.2
-0.8
-1.7	-0.6	-0.3	-0.6	-	-1.1	0.7	-1.2	0.7	1.1	-0.7	0.5	-0.5	-0.3	-0.2
Chiefs
10.0
-0.3
-	-0.1	-0.5	-0.2	-0.4	0.2	0.7	-0.8	-0.6	-0.4	-0.8	-0.6	0.3	-0.3	-0.4
Panthers
10.8
0.4
-	-0.2	1.0	0.3	0.6	1.1	-0.2	0.5	0.8	0.5	0.7	-0.1	0.5	0.5	0.3
