Player/Team
2
3
4
5
6
7
8
9
10
11
12
13
14
15
16
17
AVG
Playoffs
Buccaneers	9.6	6.8	5.4	1.5	6.1	4.7	6.6	2.4	-	3.0	6.6	5.7	4.4	5.7	5.2	3.5	5.2	4.8
49ers	9.1	6.7	7.2	6.5	7.8	7.1	-	7.0	3.6	7.2	6.1	4.3	4.5	4.5	4.5	6.3	6.2	5.1
Eagles	8.2	3.0	2.8	2.3	5.5	4.7	5.3	4.2	-	5.8	2.9	4.6	5.4	4.4	4.8	3.8	4.5	4.3
Packers	7.9	6.3	5.1	3.0	4.5	3.6	5.3	5.3	6.7	-	3.6	5.4	4.1	7.3	3.9	7.2	5.3	6.1
Seahawks	7.5	6.3	6.9	4.6	6.6	6.4	6.1	7.6	6.4	-	4.3	6.6	5.9	6.8	5.0	5.5	6.2	5.8
Chiefs	7.3	8.1	6.5	-	6.2	4.9	7.1	6.9	6.7	6.6	3.9	2.8	3.9	6.4	4.7	5.2	5.8	5.5
Bears	7.2	7.9	6.7	4.7	5.4	4.2	5.2	5.4	-	5.6	3.9	4.6	6.5	3.5	4.7	4.0	5.3	4.1
Chargers	7.0	2.2	5.2	5.8	4.0	-	2.7	5.5	5.9	5.9	4.4	4.8	4.9	3.3	6.3	4.3	4.8	4.7
Ravens	6.9	3.3	7.7	6.2	8.1	3.4	3.0	2.9	6.7	5.6	4.9	-	5.9	5.8	7.5	3.1	5.4	5.5
Patriots	6.9	2.9	2.9	6.9	6.8	2.4	7.7	5.8	4.5	-	5.1	4.3	5.5	6.0	6.0	6.3	5.3	6.1
Rams	6.6	6.5	7.0	4.8	5.9	5.7	5.3	6.0	5.3	-	5.1	4.9	4.2	4.3	5.2	5.0	5.4	4.8
Broncos	6.0	2.0	2.7	3.6	4.2	3.8	4.3	3.9	-	6.0	3.9	7.2	5.0	4.3	3.4	4.0	4.3	3.9
Panthers	6.0	6.0	2.6	-	5.0	4.4	3.5	5.5	3.7	4.0	5.9	4.3	4.4	3.2	4.7	4.4	4.5	4.1
Cardinals	5.4	3.3	3.5	4.1	2.1	6.3	3.0	4.4	3.9	4.4	5.6	6.5	-	6.2	4.7	5.8	4.6	5.6
Steelers	5.4	4.3	7.3	6.8	5.3	5.7	8.9	-	4.4	6.3	6.1	6.8	6.0	6.0	5.9	6.4	6.1	6.1
Titans	5.3	2.9	4.2	4.9	3.4	7.8	3.2	-	3.8	2.7	3.5	5.5	3.1	5.0	4.6	5.2	4.3	5.0
Jaguars	5.0	5.5	2.6	6.8	6.6	-	6.0	4.4	7.3	3.7	7.7	2.7	6.9	5.3	3.0	5.7	5.3	4.7
Cowboys	4.9	3.8	5.1	4.7	4.6	8.4	5.5	5.3	3.7	6.9	6.3	6.4	-	3.6	3.9	4.4	5.2	4.0
Texans	4.7	3.4	3.2	7.1	2.2	3.3	-	4.0	7.6	4.4	4.6	4.7	5.1	3.2	4.5	5.6	4.5	4.4
Raiders	4.5	3.3	3.6	3.7	2.4	2.7	5.7	3.7	4.2	5.9	7.0	-	5.3	6.2	6.3	4.6	4.6	5.7
Bills	4.4	6.0	5.6	4.0	6.0	-	5.7	7.5	6.1	7.7	5.3	5.0	5.5	4.3	6.2	6.8	5.7	5.8
Bengals	4.2	6.8	4.8	8.1	-	6.0	7.9	7.5	6.8	7.5	6.7	8.1	5.8	5.9	4.9	4.9	6.4	5.2
Browns	4.2	5.3	3.8	4.6	4.6	5.4	4.3	3.5	5.2	-	5.7	3.4	5.7	3.8	4.5	4.7	4.6	4.3
Jets	3.9	1.9	1.6	8.0	3.7	7.6	6.4	4.2	4.2	4.1	6.7	-	6.3	4.5	5.3	6.0	4.9	5.3
Saints	3.8	6.6	7.6	6.1	4.7	6.2	-	7.8	5.4	3.8	4.3	5.3	5.5	5.7	5.5	5.8	5.6	5.6
Falcons	3.8	3.4	5.4	4.0	2.0	2.7	5.0	2.9	4.0	-	5.0	3.7	7.2	5.1	4.5	4.8	4.2	4.8
Colts	3.3	5.3	4.3	4.5	6.5	4.4	3.2	3.2	6.2	4.2	4.1	-	5.4	6.2	3.6	6.2	4.7	5.3
Vikings	3.0	3.9	6.9	2.9	-	5.3	2.6	4.0	4.5	2.8	6.2	5.0	3.4	3.8	5.2	4.8	4.3	4.6
Giants	2.6	8.1	6.5	6.0	6.0	5.3	-	6.8	5.1	4.5	4.7	4.6	4.4	7.5	4.8	3.2	5.3	5.2
Dolphins	2.2	3.9	3.9	2.8	-	5.4	4.7	3.8	4.0	3.4	5.9	4.9	2.9	4.3	4.7	3.9	4.1	4.3
Commanders	2.0	6.1	4.9	4.1	4.7	-	6.5	3.6	3.7	5.1	4.9	6.6	6.0	6.4	5.0	3.9	4.9	5.1
Lions	1.8	6.0	5.0	4.2	-	4.5	5.5	6.8	4.3	5.2	2.9	5.7	6.6	5.0	5.2	3.3	4.8	4.5Player/Team
2
3
4
5
6
7
8
9
10
11
12
13
14
15
16
17
AVG
Playoffs
Eddy Pineiro | SF	9.8	8.6	8.5	8.3	8.3	9.5	-	8.4	8.2	8.7	8.0	8.0	7.8	7.8	8.3	8.0	8.4	8.0
Brandon Aubrey | DAL	9.7	7.6	8.7	8.2	7.8	7.3	8.8	8.1	7.8	8.7	8.6	7.7	-	8.2	8.3	8.5	8.3	8.3
Evan McPherson | CIN	9.5	7.8	7.8	8.1	-	7.5	8.0	8.6	7.9	7.8	7.2	7.7	7.7	7.6	8.0	7.5	7.9	7.7
Cameron Dicker | LAC	9.4	7.5	8.3	8.8	7.6	-	7.8	8.1	7.3	8.2	8.2	7.7	8.5	8.1	7.6	8.3	8.1	8.0
Andres Borregales | NE	9.4	7.2	7.5	8.4	8.1	6.4	7.6	7.8	8.4	-	8.6	7.6	7.4	7.6	8.1	7.9	7.9	7.9
Ka'imi Fairbairn | HOU	9.4	8.6	8.7	8.4	7.3	8.2	-	8.1	7.9	8.1	8.7	7.9	7.5	8.2	7.5	7.7	8.1	7.8
Cairo Santos | CHI	9.3	8.1	8.3	8.0	9.1	7.4	8.7	8.4	-	7.9	8.4	8.0	8.1	7.5	7.9	7.8	8.2	7.7
Harrison Butker | KC	9.3	8.1	8.7	-	7.7	7.5	7.7	7.8	8.4	7.8	7.0	7.6	7.5	7.7	6.9	8.2	7.9	7.6
Jake Elliott | PHI	9.2	6.3	8.3	6.6	7.4	7.6	7.6	7.5	-	7.4	8.2	8.0	7.3	7.4	7.2	7.5	7.6	7.4
Cam Little | JAC	9.2	7.9	8.1	7.9	8.7	-	8.1	7.3	7.7	7.4	8.4	7.5	8.1	8.3	8.3	8.0	8.0	8.2
Tyler Loop | BAL	9.2	8.5	8.3	8.7	8.0	7.6	6.9	6.9	7.8	8.6	8.3	-	7.8	7.9	7.3	6.8	7.9	7.3
Ryan Fitzgerald | CAR	9.1	7.8	7.4	-	6.6	7.6	6.7	7.7	7.7	6.7	7.4	8.7	7.4	6.9	7.6	7.5	7.5	7.3
Chase McLaughlin | TB	9.1	8.5	8.0	8.2	7.3	7.4	8.2	7.1	-	7.5	8.0	7.8	7.5	7.9	8.4	7.6	7.9	7.9
Chad Ryland | ARI	9.0	7.9	7.6	8.4	7.9	8.5	8.0	7.9	7.7	7.7	8.1	8.4	-	8.2	8.0	8.6	8.1	8.3
Trey Smack | GB	8.8	8.3	9.2	7.4	7.6	8.2	7.4	9.4	7.8	-	8.4	8.3	7.6	7.8	7.5	8.0	8.1	7.8
Nick Folk | ATL	8.8	6.3	8.6	7.6	6.9	7.7	6.9	7.0	7.3	-	8.8	7.9	7.5	7.2	8.2	7.8	7.6	7.7
Tyler Bass | BUF	8.8	7.1	7.2	7.8	9.9	-	7.3	8.4	8.3	8.2	7.8	7.2	7.7	7.4	7.9	8.0	7.9	7.8
Jake Bates | DET	8.7	9.4	7.9	9.0	-	8.4	8.6	7.9	7.6	7.9	8.2	8.2	8.3	8.6	8.5	6.9	8.3	8.0
Matt Gay | LV	8.7	8.4	7.6	7.2	7.3	7.6	7.5	7.4	7.7	7.6	7.7	-	7.9	8.0	8.2	7.6	7.8	7.9
Jason Myers | SEA	8.7	8.3	8.1	8.3	8.0	7.3	7.3	8.8	9.0	-	7.9	8.2	7.8	8.2	8.0	8.2	8.1	8.1
Harrison Mevis | LAR	8.6	7.8	7.5	7.8	8.9	8.5	8.0	7.8	8.3	-	8.0	7.5	6.9	7.9	7.7	7.8	7.9	7.8
Dominic Zvada | NYG	8.6	9.0	7.8	7.8	7.6	8.2	-	7.1	7.3	7.8	7.7	7.3	6.9	7.3	7.4	7.6	7.7	7.4
Wil Lutz | DEN	8.5	7.6	7.4	8.1	7.1	8.4	7.5	7.1	-	7.8	6.6	7.5	7.3	8.5	7.5	7.3	7.6	7.8
Grupe / Sanders | NYJ	8.3	8.5	6.7	8.2	7.7	8.0	8.1	7.6	7.1	7.7	7.7	-	7.7	8.1	7.8	8.0	7.8	8.0
Joey Slye | TEN	8.3	7.1	6.6	7.6	8.3	7.6	7.4	-	6.9	8.1	6.6	7.3	7.9	7.4	8.5	7.6	7.5	7.8
Drew Stevens | WAS	8.3	7.4	8.4	7.4	7.0	-	6.9	6.9	6.6	7.2	8.6	7.7	7.3	7.6	8.3	6.6	7.5	7.5
Andre Szmyt | CLE	8.2	7.5	7.4	7.7	7.0	7.5	7.2	8.1	7.4	-	8.0	7.3	7.5	7.2	7.0	7.4	7.5	7.2
Chris Boswell | PIT	8.1	7.7	8.0	8.5	7.7	7.6	8.0	-	7.7	7.4	7.5	7.7	7.1	7.3	7.8	7.4	7.7	7.5
Spencer Shrader | IND	8.1	8.7	8.0	7.7	9.0	8.6	6.9	7.7	8.5	7.7	9.3	-	7.7	7.9	8.2	7.9	8.1	8.0
Will Reichard | MIN	8.0	7.3	8.9	8.0	-	8.7	7.9	7.6	7.8	7.4	8.3	8.8	6.5	8.5	8.2	7.2	8.0	8.0
Daniel Carlson | NO	7.1	9.0	9.0	8.7	7.4	7.6	-	8.6	8.2	7.0	7.2	8.6	7.7	7.2	7.9	7.8	7.9	7.7
Riley Patterson | MIA	6.7	7.5	8.8	7.5	-	7.5	7.2	7.5	8.2	6.9	7.7	7.6	7.1	7.4	7.6	7.3	7.5	7.4
Player/Team
2
3
4
5
6
7
8
9
10
11
12
13
14
15
16
17
AVG
Playoffs
Josh Allen | BUF	24.9	20.8	18.6	17.7	19.8	-	18.0	17.9	16.7	17.7	18.0	16.9	17.6	18.4	17.8	17.4	18.5	17.8
Caleb Williams | CHI	21.1	20.5	21.2	19.8	20.7	19.7	17.5	20.1	-	20.3	20.9	19.6	19.2	18.7	18.4	19.6	19.8	18.9
Lamar Jackson | BAL	20.5	20.4	19.2	19.0	16.7	16.8	17.6	17.6	17.7	18.7	17.6	-	17.8	16.4	17.2	16.9	18.0	16.8
Brock Purdy | SF	20.1	17.6	18.4	16.3	16.7	19.1	-	18.1	17.9	18.4	16.6	16.7	17.2	18.2	16.6	17.2	17.7	17.3
Dak Prescott | DAL	19.1	16.3	17.1	18.2	16.0	14.7	17.3	17.1	16.4	17.9	17.2	14.4	-	16.2	16.9	16.9	16.8	16.6
Jayden Daniels | WAS	18.9	15.1	18.7	16.4	14.6	-	16.5	17.2	15.9	15.4	16.5	16.9	16.7	16.7	16.9	16.7	16.6	16.8
Patrick Mahomes | KC	18.8	18.4	17.8	-	17.9	16.5	16.1	17.1	17.7	17.0	16.9	17.0	16.6	15.6	17.1	17.5	17.2	16.8
Matthew Stafford | LAR	18.6	17.6	16.8	16.8	17.6	17.8	17.9	16.7	15.7	-	16.9	16.9	15.3	17.0	15.5	16.4	16.9	16.3
Justin Herbert | LAC	18.4	16.9	14.9	18.0	15.4	-	17.4	18.0	14.7	17.6	17.2	16.5	16.7	17.1	17.2	16.5	16.8	16.9
Jalen Hurts | PHI	18.4	15.6	17.4	17.2	18.9	16.0	16.0	16.7	-	16.7	17.0	16.5	17.0	17.2	17.6	17.1	17.0	17.3
Jaxson Dart | NYG	18.1	20.9	19.7	17.8	20.0	19.7	-	17.8	17.8	18.9	18.6	18.0	17.7	18.3	18.3	17.9	18.6	18.2
Baker Mayfield | TB	18.0	18.4	18.1	17.5	17.2	17.5	16.5	16.7	-	17.4	16.1	17.9	15.7	17.0	17.0	17.2	17.2	17.1
Drake Maye | NE	18.0	18.0	17.4	19.4	18.1	18.3	17.1	18.1	20.1	-	18.8	17.6	18.3	15.8	16.7	17.8	18.0	16.8
C.J. Stroud | HOU	17.9	14.9	16.9	16.2	14.0	15.9	-	16.0	15.7	16.2	15.9	15.2	14.9	15.3	15.7	14.3	15.7	15.1
Bryce Young | CAR	17.7	15.0	17.2	-	15.3	15.4	15.7	16.8	16.8	14.7	14.1	15.8	16.4	16.1	15.9	15.9	15.9	16.0
Jared Goff | DET	17.3	17.8	17.6	16.2	-	17.0	17.1	16.8	15.7	17.1	16.6	16.9	17.2	16.1	15.4	16.1	16.7	15.9
Joe Burrow | CIN	17.2	16.7	18.8	18.6	-	15.8	18.3	18.9	17.0	16.1	18.1	16.6	17.0	17.8	17.4	16.5	17.4	17.2
Bo Nix | DEN	16.6	15.3	14.8	15.6	14.6	15.8	14.4	15.7	-	15.2	15.2	16.2	15.1	15.5	16.0	15.8	15.5	15.8
Jordan Love | GB	15.9	16.8	16.0	15.7	16.8	16.5	16.7	15.4	15.6	-	15.8	15.8	15.6	16.4	15.6	14.9	16.0	15.6
Trevor Lawrence | JAC	15.1	19.5	18.1	19.5	19.5	-	17.7	17.7	18.2	17.2	18.5	17.7	16.7	18.7	18.0	17.6	18.0	18.1
Drew Lock | SEA	14.8	14.0	15.6	13.9	15.5	16.1	16.0	16.4	16.9	-	14.3	15.3	16.5	16.2	16.2	16.6	15.6	16.3
Tyler Shough | NO	14.3	18.5	16.2	18.9	16.2	15.6	-	17.6	18.2	16.4	15.5	16.8	16.8	15.9	17.0	16.9	16.7	16.6
Wentz / Murray | MIN	14.1	15.3	18.1	17.4	-	17.4	17.3	15.8	15.6	15.3	16.8	17.7	16.2	18.0	17.1	16.1	16.5	17.1
Daniel Jones | IND	14.1	16.9	15.3	14.3	17.8	15.6	14.0	16.6	16.9	15.1	16.3	-	15.1	15.1	16.1	15.9	15.7	15.7
Jacoby Brissett | ARI	13.9	14.4	15.5	18.7	16.1	16.9	16.7	14.3	16.9	15.4	16.5	17.0	-	16.8	17.0	17.2	16.2	17.0
Geno Smith | NYJ	13.8	18.3	16.3	17.6	15.5	16.3	17.9	15.9	16.6	17.3	16.2	-	16.5	16.6	16.1	17.1	16.5	16.6
Cooper Rush | ATL	13.5	13.6	13.1	14.2	15.3	14.5	13.8	13.9	14.4	-	14.5	15.4	15.2	14.2	15.3	15.9	14.5	15.1
Malik Willis | MIA	13.0	14.7	15.7	15.5	-	14.3	14.5	16.9	15.7	14.8	14.9	15.4	16.2	15.8	16.6	16.1	15.3	16.2
Kirk Cousins | LV	12.8	15.9	14.6	15.0	16.0	16.4	15.0	14.5	15.7	14.9	15.9	-	16.9	16.3	16.8	16.3	15.5	16.5
Deshaun Watson | CLE	12.6	16.5	14.2	14.8	13.8	15.5	13.9	16.3	15.2	-	15.8	15.4	15.7	15.7	14.6	15.5	15.0	15.3
Aaron Rodgers | PIT	12.4	13.6	15.2	15.8	15.1	15.8	15.2	-	13.7	14.7	15.4	16.0	13.9	14.3	16.1	15.9	14.9	15.4
Cam Ward | TEN	12.0	13.4	13.1	13.9	14.1	15.6	14.4	-	13.9	15.4	13.4	14.6	16.2	14.5	16.1	15.1	14.4	15.2Player/Team
Baseline
Next 4
2
3
4
5
6
7
8
9
10
11
12
13
14
15
16
17
AVG
Playoffs
Bills
21.5
0.0
3.7	-0.6	-0.9	-2.3	0.8	-	0.2	-1.3	-2.1	-0.4	-1.7	-2.4	-0.4	2.5	-0.8	-1.5	-0.5	0.1
Cowboys
26.7
1.8
2.4	0.5	2.2	2.1	-0.5	-5.2	2.6	1.3	2.2	1.5	3.0	-6.0	-	1.4	1.6	2.9	0.8	2.0
Panthers
22.3
1.4
2.1	-1.8	3.9	-	-0.3	1.2	0.7	2.1	3.2	1.0	-4.2	2.8	1.8	-0.3	-1.5	-0.5	0.7	-0.8
Chargers
26.4
0.4
1.7	-0.7	-3.1	3.6	-2.5	-	1.6	3.8	-4.0	2.3	1.8	-0.9	0.6	2.5	-0.8	0.8	0.5	0.8
Commanders
20.3
0.1
1.3	-2.3	2.1	-0.7	-3.9	-	0.2	0.7	-0.9	-5.4	1.3	-2.7	0.4	0.4	2.5	-1.9	-0.6	0.3
Broncos
20.8
0.9
1.2	1.3	-0.3	1.6	-1.2	1.8	-1.8	2.0	-	0.2	-1.9	1.5	-0.4	0.9	1.2	-1.3	0.3	0.2
Texans
22.5
0.3
0.5	1.2	1.9	-2.6	-2.1	1.6	-	0.3	-3.1	2.0	2.1	-3.4	-2.1	0.7	-1.5	-6.0	-0.7	-2.2
Bears
22.7
0.0
0.5	-2.4	1.2	0.8	3.0	0.0	-5.7	0.7	-	1.4	5.2	1.0	-0.1	0.6	1.4	3.9	0.8	2.0
Raiders
19.0
1.1
0.4	2.4	1.5	0.1	5.0	5.4	1.2	0.9	2.7	1.7	-0.9	-	4.2	5.8	4.5	3.5	2.6	4.6
Falcons
17.1
-0.2
0.4	-0.8	-2.7	2.3	5.1	2.6	-1.3	-1.9	-0.1	-	1.7	5.5	-2.0	-1.2	1.9	3.0	0.8	1.2
Lions
28.1
1.2
0.1	2.2	1.4	1.1	-	2.7	4.2	-0.6	-1.8	1.5	5.0	2.3	1.5	2.5	-1.3	1.9	1.5	1.1
Vikings
21.6
0.3
-0.1	-2.5	2.3	1.5	-	2.9	3.8	-1.1	-0.9	-0.5	2.1	4.3	-1.9	5.3	3.1	-1.1	1.1	2.4
Bengals
24.4
-0.5
-0.1	-2.1	0.7	-0.3	-	0.3	0.1	3.3	-1.1	-3.6	1.2	-0.6	-1.2	2.1	2.0	1.5	0.1	1.8
49ers
22.6
-1.5
-0.1	-1.2	-0.5	-4.0	-3.9	1.1	-	-0.9	0.0	2.5	-3.0	-2.3	-1.2	0.1	-4.8	-1.1	-1.3	-1.9
Packers
25.0
0.4
-0.1	0.6	-1.6	2.8	0.3	4.0	3.0	-2.3	1.3	-	0.9	1.9	0.9	0.6	1.3	-3.2	0.7	-0.4
Chiefs
20.4
-0.5
-0.2	-1.2	-0.1	-	-0.3	-3.1	-1.0	-1.1	1.1	-0.3	-0.7	0.8	-4.0	-6.3	-0.9	1.0	-1.1	-2.1
Ravens
21.8
0.0
-0.4	0.9	-1.5	1.1	-3.3	-2.8	-1.7	-1.8	-4.1	0.6	1.2	-	-1.1	-3.7	-1.1	-3.5	-1.4	-2.8
Rams
25.4
-0.9
-0.4	-0.9	-1.5	-1.0	2.2	1.0	1.4	-0.7	0.7	-	1.6	0.7	-1.5	1.4	-2.5	-2.1	-0.1	-1.1
Dolphins
17.9
0.3
-0.5	-1.1	3.4	-0.8	-	-0.3	-0.5	3.8	2.5	0.2	0.2	1.1	2.6	0.3	0.1	1.7	0.8	0.7
Cardinals
17.6
1.7
-0.6	0.6	0.0	6.9	3.2	4.3	3.0	-0.6	4.3	-0.9	4.4	4.9	-	3.5	3.6	3.9	2.7	3.7
Titans
19.9
0.6
-0.6	0.8	0.6	1.7	2.8	-0.2	-0.2	-	0.4	2.5	-0.1	1.0	5.3	1.0	2.6	-0.6	1.2	1.0
Eagles
22.1
-1.1
-0.7	-2.8	0.0	-0.8	2.2	-3.6	-0.7	-0.6	-	-2.0	1.4	0.9	0.0	-0.9	1.5	-0.7	-0.5	0.0
Seahawks
26.0
-2.7
-1.1	-4.3	-3.0	-2.5	-2.2	-2.9	-2.4	-0.3	-0.1	-	-3.0	-5.0	-0.4	-1.6	-0.2	0.1	-1.9	-0.6
Saints
22.5
1.6
-1.2	2.6	-0.2	5.4	-0.3	-1.7	-	2.5	5.9	2.0	-2.2	4.2	2.4	-1.3	3.5	2.5	1.6	1.6
Jets
17.8
1.1
-1.4	4.3	1.4	0.0	-1.2	0.9	1.0	-1.9	1.6	2.2	-0.9	-	1.8	2.0	-0.9	2.7	0.8	1.3
Steelers
20.6
-0.9
-2.1	-1.3	-1.2	0.9	-0.7	0.0	-0.2	-	-2.0	-0.7	1.4	1.9	-4.0	0.6	3.8	-1.2	-0.3	1.1
Buccaneers
23.3
0.1
-2.6	1.2	0.6	1.2	-1.6	1.4	0.4	1.1	-	3.5	-1.6	0.4	-1.4	0.6	1.7	0.1	0.3	0.8
Browns
15.7
-0.4
-2.7	2.1	-1.0	0.0	0.2	-1.5	-2.2	1.5	0.6	-	-0.7	-0.5	0.9	-0.1	-0.3	0.1	-0.2	-0.1
Colts
22.3
-0.4
-2.9	3.8	0.7	-3.3	1.6	2.3	-2.2	2.4	2.6	2.6	2.7	-	-1.3	-2.2	0.6	-2.1	0.4	-1.2
Patriots
20.9
-2.4
-3.3	-3.0	-2.1	-1.4	-1.2	0.4	-2.1	-0.8	3.1	-	0.1	-0.2	1.1	-7.9	-3.3	-0.2	-1.4	-3.8
Jaguars
25.4
-1.0
-3.4	-0.2	-1.2	0.7	3.6	-	0.6	0.4	-1.7	-0.8	-0.4	2.4	-4.4	3.3	1.4	1.1	0.1	1.9
Giants
18.6
-1.7
-4.3	-1.2	0.2	-1.3	0.4	2.2	-	-1.7	0.0	-0.8	0.7	-0.5	-2.9	-1.2	-0.2	0.4	-0.7	-0.3Player/Team
Baseline
Next 4
2
3
4
5
6
7
8
9
10
11
12
13
14
15
16
17
AVG
Playoffs
49ers
18.6
0.6
2.7	-0.5	2.1	-1.7	0.0	-0.1	-	-0.1	0.9	0.4	-1.2	-0.6	0.3	0.5	-2.0	0.6	0.1	-0.3
Chiefs
18.5
1.0
2.2	1.6	-0.8	-	0.9	-2.1	1.3	-1.2	-0.3	-0.4	0.3	-0.1	-2.3	-1.6	-0.2	0.6	-0.1	-0.4
Ravens
19.2
1.1
2.0	1.3	1.5	-0.3	-0.3	-1.4	-0.3	-1.4	0.4	2.1	-0.6	-	0.4	-0.4	1.0	-2.1	0.1	-0.5
Bills
17.8
0.7
1.5	1.0	0.1	0.0	-0.5	-	1.0	-0.8	-2.0	2.4	-0.4	-1.2	0.8	1.7	1.4	1.5	0.4	1.5
Rams
19.3
0.9
1.5	1.1	-0.2	1.2	0.2	-0.7	1.1	-0.4	-0.9	-	1.5	0.2	-0.9	1.4	-1.9	-0.6	0.2	-0.3
Eagles
15.5
-0.4
1.4	-0.9	-0.2	-1.8	2.5	0.4	-1.1	-0.6	-	0.0	0.3	-1.7	1.6	-1.5	-0.1	-1.2	-0.2	-0.9
Buccaneers
18.0
0.7
0.7	-0.1	1.4	0.9	0.8	2.2	-0.1	0.3	-	0.3	2.4	1.1	-0.6	1.9	-0.3	0.5	0.8	0.7
Falcons
20.0
0.3
0.7	-0.2	0.0	0.4	1.5	0.1	-0.8	-2.0	-1.0	-	-1.4	0.9	-0.4	-1.3	0.4	1.8	-0.1	0.3
Cowboys
18.7
0.4
0.6	0.3	-0.3	1.0	0.4	-1.0	0.2	1.7	0.4	2.2	1.5	-2.3	-	0.3	-0.3	1.2	0.4	0.4
Commanders
16.4
0.2
0.5	-1.3	2.0	-0.6	-1.5	-	0.3	0.2	-1.0	-1.9	-1.2	0.0	-0.5	-0.4	-1.2	-2.4	-0.6	-1.3
Lions
19.9
0.4
0.4	-0.1	2.2	-0.9	-	1.9	0.7	1.7	-1.2	0.8	2.0	0.0	2.2	-0.6	0.5	0.8	0.7	0.2
Broncos
16.3
0.0
0.3	0.5	-1.0	0.0	-1.4	-1.1	-1.4	1.9	-	-0.8	-0.4	2.4	-2.0	-1.6	0.8	-1.6	-0.4	-0.8
Chargers
16.1
0.2
0.3	-0.2	-2.1	2.7	-1.8	-	0.0	0.7	-0.9	-0.6	0.0	-0.6	-1.3	0.3	1.4	-0.5	-0.2	0.4
Patriots
16.2
-0.8
0.3	-2.2	-0.5	-0.7	-1.2	0.2	1.2	0.9	0.7	-	0.2	1.0	-0.1	-2.3	-2.5	1.9	-0.2	-1.0
Texans
18.0
0.9
0.2	1.5	1.5	0.4	-2.3	0.3	-	-0.1	-0.5	2.3	0.8	-0.7	-1.4	-1.1	-0.6	-1.0	0.0	-0.9
Bears
20.0
0.7
0.0	1.2	0.3	1.4	0.6	0.3	-2.0	1.3	-	2.5	1.3	0.2	2.3	1.0	2.1	1.5	0.9	1.6
Vikings
17.4
0.4
-0.1	-1.4	2.5	0.8	-	2.7	-0.1	0.7	0.0	-1.1	0.0	3.2	-1.7	1.1	0.8	-2.1	0.4	-0.1
Panthers
18.3
0.0
-0.1	-0.6	0.5	-	-0.6	0.4	0.2	2.1	1.3	0.1	-1.2	-1.2	1.5	-1.0	-0.4	-1.5	0.0	-1.0
Jets
17.9
0.2
-0.2	0.2	0.0	0.9	-1.2	2.3	-0.2	-1.4	1.4	0.7	1.2	-	2.4	-0.7	-0.6	0.1	0.3	-0.4
Jaguars
17.9
0.3
-0.3	0.5	-0.5	1.4	1.5	-	3.0	0.9	1.4	0.0	2.3	1.4	1.1	1.0	1.5	1.2	1.1	1.2
Packers
16.1
-0.1
-0.4	-0.2	-0.9	1.1	1.1	0.1	3.0	-1.7	-0.6	-	-0.3	1.0	0.9	2.3	0.1	-0.7	0.3	0.6
Raiders
19.1
-0.3
-0.7	0.9	-0.5	-1.0	1.9	1.7	-1.3	-0.8	-0.5	1.7	-0.1	-	1.8	3.6	3.0	-0.5	0.6	2.0
Saints
15.6
0.0
-1.0	0.2	0.0	0.7	-0.8	0.0	-	1.6	3.6	0.2	-2.1	2.0	2.1	-1.0	0.1	-0.5	0.4	-0.5
Seahawks
17.2
-1.0
-1.0	-2.0	-0.2	-0.9	0.9	-0.8	0.8	-0.1	-0.8	-	-1.4	0.5	0.6	-0.1	0.7	2.1	-0.1	0.9
Titans
16.2
-0.8
-1.2	-0.7	-0.7	-0.7	1.4	0.0	-1.5	-	-1.4	0.4	-2.0	-0.4	-0.1	1.5	-1.2	0.1	-0.4	0.1
Bengals
18.4
0.4
-1.3	0.6	0.0	2.2	-	0.8	2.3	1.3	1.4	-0.3	2.5	1.0	0.1	2.9	2.5	1.6	1.2	2.3
Browns
16.2
-0.3
-1.5	2.1	0.1	-2.0	-0.4	0.2	-0.8	0.2	-0.9	-	-1.4	-1.3	-0.7	-1.0	-1.0	1.2	-0.5	-0.3
Giants
18.3
-0.1
-1.5	1.6	0.0	-0.5	1.9	0.1	-	-0.2	0.3	-0.7	1.6	-0.1	-2.1	0.9	-0.1	0.6	0.1	0.5
Cardinals
17.6
-0.3
-1.6	-0.5	-0.7	1.7	0.5	2.8	1.3	-1.7	1.5	-1.2	1.2	2.2	-	-0.2	1.7	0.6	0.5	0.7
Steelers
18.0
-0.2
-1.6	-1.2	-0.1	2.2	-0.6	0.8	0.8	-	-1.8	-0.4	2.0	0.1	-2.0	0.3	3.3	0.8	0.2	1.4
Dolphins
16.8
-1.5
-1.8	-1.5	-1.1	-1.5	-	-2.2	-1.2	0.2	1.4	-0.4	-1.6	0.9	0.4	-0.2	-0.1	0.7	-0.5	0.1
Colts
19.2
-0.7
-2.0	0.5	-0.4	-0.9	1.8	-1.2	-2.4	1.4	2.5	-0.4	0.7	-	-0.7	0.3	-0.8	-0.3	-0.1	-0.3Player/Team
Baseline
Next 4
2
3
4
5
6
7
8
9
10
11
12
13
14
15
16
17
AVG
Playoffs
Cowboys
7.2
1.6
3.1	-0.3	1.4	2.3	0.6	-2.3	0.8	0.0	-1.6	1.1	-0.3	-1.2	-	-1.0	-0.7	-0.3	0.1	-0.7
Commanders
7.1
0.3
2.9	-0.6	0.3	-1.5	-2.8	-	-1.2	-1.2	-1.7	-1.9	0.3	-0.3	0.9	0.8	1.0	-2.0	-0.5	-0.1
Bills
10.1
0.3
2.8	1.5	-1.8	-1.4	-1.2	-	-0.2	0.7	-2.1	-0.7	0.5	-2.4	0.7	0.0	-0.4	-1.1	-0.3	-0.5
Raiders
7.1
0.6
1.8	0.5	1.6	-1.5	1.1	0.4	-1.0	-2.0	0.9	0.5	0.6	-	3.1	2.0	2.2	1.1	0.7	1.7
Panthers
7.5
1.4
1.4	0.1	2.7	-	-1.6	1.9	0.9	0.5	0.5	-0.1	0.9	1.0	0.1	-1.3	-2.4	-0.4	0.3	-1.3
Bengals
10.7
-0.8
0.7	-2.3	-1.0	-0.7	-	-0.2	0.7	1.9	-1.9	2.0	0.2	0.6	0.8	0.8	0.3	0.3	0.1	0.5
Browns
7.4
-0.5
0.5	0.8	-2.0	-1.5	-0.3	0.1	-2.5	0.0	1.0	-	-1.6	-1.2	0.9	-1.4	-0.6	-0.4	-0.5	-0.8
Eagles
8.8
-0.9
0.5	-1.0	-1.4	-1.6	0.9	2.2	2.0	-1.5	-	-2.3	2.9	0.1	-0.3	-0.4	1.2	-2.6	-0.1	-0.6
Bears
8.5
-0.2
0.4	-1.2	-0.9	1.1	1.6	-1.5	-1.2	1.9	-	0.1	3.2	-1.0	-0.7	-0.5	1.4	2.8	0.4	1.2
Falcons
7.4
0.3
0.3	0.6	-0.4	0.5	0.9	-1.4	1.2	-1.8	1.0	-	0.9	3.4	0.1	1.8	2.3	0.7	0.7	1.6
Jets
7.6
1.0
0.3	3.0	-0.4	0.9	-1.9	-0.2	-1.1	0.4	0.0	2.4	-0.8	-	0.6	0.7	-1.7	1.3	0.2	0.1
Cardinals
10.3
0.1
0.0	-2.1	-1.3	4.0	-0.4	1.5	3.5	-0.3	0.1	0.7	3.8	0.4	-	-0.1	0.8	-0.1	0.7	0.2
Buccaneers
6.8
1.2
-0.1	0.8	1.2	2.9	-2.2	0.5	0.8	-0.5	-	2.8	0.5	1.8	-0.8	0.0	1.2	-1.4	0.5	-0.1
Colts
7.6
0.3
-0.1	2.0	2.3	-2.9	1.1	0.9	-2.2	3.3	0.2	1.5	-0.4	-	-1.8	-0.2	-0.8	0.1	0.2	-0.3
Seahawks
6.8
-0.4
-0.2	0.9	0.8	-3.0	-0.7	0.2	-0.6	0.0	-1.4	-	-3.2	1.9	-1.3	-1.8	-1.4	0.2	-0.6	-1.0
Chiefs
9.2
-0.9
-0.3	-0.9	-1.3	-	1.6	-1.1	-0.3	-1.6	1.1	0.0	-0.9	-1.2	-2.3	-2.6	-2.4	2.0	-0.7	-1.0
Rams
8.9
-0.7
-0.4	-0.4	-1.8	0.0	0.7	-1.2	2.1	2.0	0.1	-	1.5	1.3	-2.8	3.0	-1.0	0.9	0.3	1.0
Ravens
9.5
0.9
-0.4	2.9	0.2	1.0	-0.2	-1.9	-1.2	-1.9	1.2	0.3	1.1	-	1.4	-2.9	0.5	-2.3	-0.2	-1.6
49ers
9.0
-0.5
-0.5	-0.3	-0.1	-1.2	1.9	1.0	-	-1.6	2.6	1.3	-0.9	-2.0	-1.7	1.7	-0.6	-1.6	-0.1	-0.2
Chargers
7.9
-0.3
-0.6	-0.9	-1.0	1.2	0.1	-	-0.9	2.0	-0.9	-0.6	-0.9	1.2	-1.3	-1.4	-0.9	1.3	-0.2	-0.4
Texans
9.1
0.6
-0.6	-0.1	3.2	-0.2	-2.1	-0.7	-	1.6	-0.2	0.3	0.4	-2.9	1.6	-1.1	-1.9	-0.2	-0.2	-1.1
Broncos
8.2
-0.5
-0.7	-1.0	-2.5	2.0	-0.4	0.5	0.4	0.7	-	-1.4	-2.4	-0.1	-1.6	-1.3	-0.3	-2.1	-0.7	-1.2
Lions
7.9
-0.2
-0.8	-0.6	0.5	0.2	-	1.9	1.7	-0.9	-2.3	2.2	0.8	1.3	1.1	1.0	-0.8	-0.3	0.3	0.0
Vikings
9.0
0.0
-0.9	0.7	0.2	0.1	-	0.7	2.8	0.0	0.6	-2.6	1.5	1.7	-2.3	3.4	3.4	-1.8	0.5	1.7
Saints
10.5
0.5
-1.0	-0.4	1.5	2.1	-1.5	-2.3	-	1.7	2.1	-0.3	-1.9	2.3	0.8	1.1	1.1	1.4	0.4	1.2
Jaguars
8.2
-1.3
-1.3	-1.5	-1.4	-1.1	2.1	-	0.0	-0.2	0.1	-1.6	0.6	-0.1	-2.2	1.9	3.0	2.7	0.1	2.5
Packers
8.3
0.1
-1.4	0.8	1.0	0.0	2.6	2.8	1.1	-2.4	0.7	-	-1.2	0.1	-0.4	-0.4	-0.5	0.6	0.2	-0.1
Titans
6.5
-0.4
-1.7	-1.1	-0.2	1.3	0.5	0.7	-1.2	-	-1.2	3.2	-1.4	2.6	3.2	-0.1	-0.7	-1.9	0.1	-0.9
Giants
10.6
0.0
-2.1	0.3	0.1	1.9	-0.1	1.5	-	-1.9	2.3	-1.5	-0.2	-2.4	-1.1	0.5	2.4	2.6	0.2	1.8
Steelers
8.6
-0.8
-2.3	-1.4	0.4	0.0	1.4	-0.3	0.9	-	-1.7	-1.6	0.5	1.4	-1.8	-0.1	1.4	0.2	-0.2	0.5
Dolphins
5.9
-0.5
-2.6	0.6	1.3	-1.3	-	-1.6	-1.7	2.8	0.4	-0.7	-1.3	0.1	0.0	0.9	1.6	-0.1	-0.1	0.8
Patriots
8.1
-2.0
-2.7	-2.3	-1.3	-1.8	-1.7	-0.7	-1.3	0.8	2.8	-	1.7	-0.6	0.7	-0.6	-2.4	0.0	-0.6	-1.0
